0 1 20
0 2 -13
0 3 -19
0 4 -3
0 5 -5
0 6 -6
0 7 -12
0 8 -14
0 9 14
0 10 -15
0 11 17
0 12 7
0 13 -18
0 14 -19
0 15 -15
0 16 -7
0 17 -6
0 18 12
0 19 18
0 20 -19
0 21 15
0 22 -8
0 23 14
0 24 6
0 25 -6
0 26 8
0 27 17
0 28 -3
0 29 -20
0 30 -10
0 31 7
0 32 1
0 33 -3
0 34 -11
0 35 -7
0 36 1
0 37 -14
0 38 -15
0 39 4
0 40 -14
0 41 2
0 42 2
0 43 18
0 44 -4
0 45 -18
0 46 9
0 47 14
0 48 -13
0 49 4
0 50 -15
0 51 15
0 52 -2
0 53 20
0 54 19
0 55 3
0 56 16
0 57 -8
0 58 -16
0 59 -18
0 60 -6
0 61 -2
0 62 -15
0 63 -6
0 64 -14
0 65 4
0 66 -3
0 67 9
0 68 20
0 69 3
0 70 -10
0 71 3
0 72 2
0 73 -7
0 74 -3
0 75 -16
0 76 18
0 77 20
0 78 -10
0 79 14
0 80 -5
0 81 -10
0 82 9
0 83 4
0 84 -3
0 85 20
0 86 15
0 87 -6
0 88 0
0 89 -17
0 90 -6
0 91 -18
0 92 0
0 93 5
0 94 -3
0 95 -16
0 96 -7
0 97 16
0 98 0
0 99 -7
1 2 11
1 3 5
1 4 9
1 5 -11
1 6 -4
1 7 -12
1 8 -5
1 9 15
1 10 14
1 11 -4
1 12 17
1 13 7
1 14 17
1 15 5
1 16 3
1 17 -6
1 18 -12
1 19 12
1 20 11
1 21 -15
1 22 -17
1 23 -13
1 24 -11
1 25 20
1 26 -10
1 27 7
1 28 18
1 29 -16
1 30 4
1 31 4
1 32 18
1 33 9
1 34 13
1 35 -4
1 36 15
1 37 -20
1 38 -13
1 39 14
1 40 -3
1 41 1
1 42 -13
1 43 -2
1 44 7
1 45 -10
1 46 9
1 47 -20
1 48 -4
1 49 12
1 50 -9
1 51 12
1 52 -14
1 53 20
1 54 -1
1 55 20
1 56 12
1 57 18
1 58 -8
1 59 -11
1 60 3
1 61 -10
1 62 14
1 63 13
1 64 -20
1 65 18
1 66 0
1 67 11
1 68 -19
1 69 -13
1 70 3
1 71 -1
1 72 -5
1 73 -17
1 74 -5
1 75 16
1 76 -15
1 77 -15
1 78 11
1 79 -16
1 80 14
1 81 -12
1 82 -12
1 83 10
1 84 15
1 85 -10
1 86 -4
1 87 13
1 88 18
1 89 7
1 90 -7
1 91 14
1 92 -8
1 93 -1
1 94 5
1 95 3
1 96 8
1 97 13
1 98 8
1 99 -13
2 3 -5
2 4 -6
2 5 -16
2 6 1
2 7 -19
2 8 17
2 9 15
2 10 -6
2 11 17
2 12 -6
2 13 -20
2 14 -16
2 15 20
2 16 -17
2 17 -6
2 18 -16
2 19 -18
2 20 1
2 21 -16
2 22 12
2 23 -5
2 24 -3
2 25 11
2 26 -7
2 27 14
2 28 -12
2 29 16
2 30 16
2 31 10
2 32 -5
2 33 10
2 34 6
2 35 -8
2 36 -14
2 37 -14
2 38 7
2 39 2
2 40 7
2 41 6
2 42 9
2 43 -17
2 44 -14
2 45 -17
2 46 5
2 47 1
2 48 -14
2 49 -5
2 50 -8
2 51 -8
2 52 14
2 53 8
2 54 -12
2 55 7
2 56 -9
2 57 -3
2 58 9
2 59 -5
2 60 -16
2 61 8
2 62 15
2 63 -14
2 64 -17
2 65 14
2 66 -20
2 67 -15
2 68 -5
2 69 -10
2 70 6
2 71 11
2 72 10
2 73 -7
2 74 5
2 75 -17
2 76 -10
2 77 4
2 78 -20
2 79 4
2 80 -4
2 81 9
2 82 -2
2 83 7
2 84 15
2 85 11
2 86 -11
2 87 -8
2 88 -2
2 89 -7
2 90 -17
2 91 17
2 92 14
2 93 -17
2 94 0
2 95 -17
2 96 -17
2 97 17
2 98 10
2 99 12
3 4 13
3 5 -10
3 6 -17
3 7 12
3 8 -15
3 9 -9
3 10 -16
3 11 18
3 12 -16
3 13 -5
3 14 5
3 15 -13
3 16 16
3 17 -5
3 18 17
3 19 18
3 20 -18
3 21 19
3 22 -15
3 23 6
3 24 17
3 25 16
3 26 13
3 27 0
3 28 -4
3 29 -7
3 30 0
3 31 -5
3 32 -4
3 33 5
3 34 -12
3 35 -1
3 36 9
3 37 0
3 38 -16
3 39 -20
3 40 9
3 41 19
3 42 16
3 43 -14
3 44 -16
3 45 14
3 46 -7
3 47 12
3 48 -4
3 49 -12
3 50 2
3 51 -16
3 52 -5
3 53 3
3 54 -2
3 55 -10
3 56 8
3 57 14
3 58 -1
3 59 19
3 60 13
3 61 -20
3 62 15
3 63 -1
3 64 -14
3 65 -12
3 66 -4
3 67 -13
3 68 -14
3 69 15
3 70 -11
3 71 -3
3 72 -2
3 73 18
3 74 -7
3 75 1
3 76 -7
3 77 20
3 78 -4
3 79 12
3 80 11
3 81 -4
3 82 -17
3 83 -15
3 84 20
3 85 7
3 86 -3
3 87 -18
3 88 -20
3 89 1
3 90 -12
3 91 20
3 92 -4
3 93 -10
3 94 8
3 95 15
3 96 7
3 97 15
3 98 -20
3 99 -13
4 5 -16
4 6 -11
4 7 14
4 8 -18
4 9 3
4 10 17
4 11 15
4 12 -11
4 13 7
4 14 -12
4 15 -18
4 16 -1
4 17 3
4 18 -18
4 19 2
4 20 -7
4 21 -5
4 22 -14
4 23 2
4 24 15
4 25 6
4 26 19
4 27 -11
4 28 -5
4 29 -10
4 30 -9
4 31 6
4 32 -19
4 33 -9
4 34 1
4 35 6
4 36 -5
4 37 -3
4 38 -10
4 39 -14
4 40 4
4 41 -18
4 42 10
4 43 -6
4 44 -8
4 45 9
4 46 2
4 47 -1
4 48 -6
4 49 -6
4 50 -19
4 51 -8
4 52 5
4 53 1
4 54 -3
4 55 -16
4 56 -3
4 57 2
4 58 12
4 59 5
4 60 14
4 61 1
4 62 -19
4 63 -13
4 64 -4
4 65 -9
4 66 17
4 67 -4
4 68 -18
4 69 -14
4 70 18
4 71 7
4 72 2
4 73 0
4 74 7
4 75 18
4 76 12
4 77 -13
4 78 4
4 79 16
4 80 -8
4 81 -4
4 82 -18
4 83 7
4 84 -20
4 85 13
4 86 14
4 87 -8
4 88 3
4 89 7
4 90 -16
4 91 1
4 92 19
4 93 0
4 94 -13
4 95 -1
4 96 12
4 97 -1
4 98 6
4 99 0
5 6 5
5 7 -2
5 8 15
5 9 -12
5 10 -8
5 11 6
5 12 4
5 13 -9
5 14 19
5 15 16
5 16 -1
5 17 5
5 18 15
5 19 -20
5 20 -1
5 21 -2
5 22 -7
5 23 7
5 24 17
5 25 18
5 26 0
5 27 9
5 28 8
5 29 8
5 30 -7
5 31 12
5 32 10
5 33 -10
5 34 -15
5 35 -2
5 36 12
5 37 20
5 38 19
5 39 1
5 40 -15
5 41 -5
5 42 -1
5 43 -6
5 44 -8
5 45 -11
5 46 -19
5 47 -18
5 48 -5
5 49 10
5 50 19
5 51 -16
5 52 9
5 53 6
5 54 20
5 55 16
5 56 -8
5 57 4
5 58 11
5 59 5
5 60 -5
5 61 -11
5 62 -20
5 63 -14
5 64 7
5 65 -6
5 66 -9
5 67 13
5 68 9
5 69 -17
5 70 15
5 71 -5
5 72 -13
5 73 9
5 74 -12
5 75 9
5 76 13
5 77 15
5 78 18
5 79 0
5 80 8
5 81 19
5 82 12
5 83 7
5 84 15
5 85 8
5 86 -10
5 87 10
5 88 8
5 89 -4
5 90 -5
5 91 20
5 92 -3
5 93 13
5 94 11
5 95 20
5 96 -5
5 97 -3
5 98 8
5 99 -16
6 7 -2
6 8 -5
6 9 -3
6 10 1
6 11 0
6 12 14
6 13 -15
6 14 -12
6 15 -11
6 16 -6
6 17 4
6 18 -11
6 19 -7
6 20 -16
6 21 6
6 22 6
6 23 1
6 24 14
6 25 9
6 26 6
6 27 -17
6 28 -7
6 29 6
6 30 4
6 31 17
6 32 -19
6 33 16
6 34 4
6 35 10
6 36 -20
6 37 2
6 38 -1
6 39 4
6 40 6
6 41 14
6 42 14
6 43 18
6 44 -6
6 45 11
6 46 -6
6 47 -3
6 48 7
6 49 11
6 50 -19
6 51 4
6 52 1
6 53 5
6 54 -10
6 55 9
6 56 -12
6 57 19
6 58 14
6 59 -19
6 60 5
6 61 17
6 62 16
6 63 -19
6 64 -15
6 65 7
6 66 -12
6 67 9
6 68 -9
6 69 -17
6 70 -4
6 71 4
6 72 0
6 73 -7
6 74 9
6 75 0
6 76 1
6 77 4
6 78 -3
6 79 6
6 80 -4
6 81 -15
6 82 10
6 83 -19
6 84 14
6 85 -17
6 86 2
6 87 -6
6 88 -16
6 89 -18
6 90 -19
6 91 -5
6 92 -8
6 93 -19
6 94 19
6 95 -11
6 96 -5
6 97 -12
6 98 10
6 99 -13
7 8 16
7 9 -7
7 10 9
7 11 -4
7 12 3
7 13 -10
7 14 18
7 15 18
7 16 -13
7 17 -10
7 18 -1
7 19 -14
7 20 17
7 21 -19
7 22 -1
7 23 16
7 24 4
7 25 5
7 26 -8
7 27 -16
7 28 17
7 29 20
7 30 -5
7 31 -14
7 32 -1
7 33 18
7 34 -13
7 35 16
7 36 -18
7 37 2
7 38 14
7 39 7
7 40 3
7 41 -16
7 42 12
7 43 1
7 44 -20
7 45 6
7 46 11
7 47 -14
7 48 7
7 49 3
7 50 20
7 51 9
7 52 -11
7 53 7
7 54 -9
7 55 13
7 56 -3
7 57 19
7 58 14
7 59 10
7 60 9
7 61 7
7 62 17
7 63 -3
7 64 0
7 65 -5
7 66 -15
7 67 -3
7 68 8
7 69 -5
7 70 9
7 71 16
7 72 19
7 73 4
7 74 1
7 75 -19
7 76 11
7 77 0
7 78 -9
7 79 11
7 80 -7
7 81 2
7 82 -4
7 83 1
7 84 -3
7 85 18
7 86 -3
7 87 15
7 88 -20
7 89 13
7 90 -8
7 91 -15
7 92 -5
7 93 6
7 94 11
7 95 15
7 96 -5
7 97 10
7 98 11
7 99 8
8 9 -19
8 10 -15
8 11 -2
8 12 -6
8 13 5
8 14 -5
8 15 -1
8 16 17
8 17 3
8 18 10
8 19 15
8 20 13
8 21 2
8 22 7
8 23 15
8 24 1
8 25 2
8 26 9
8 27 -3
8 28 -1
8 29 -4
8 30 -6
8 31 -13
8 32 -8
8 33 0
8 34 -13
8 35 14
8 36 -9
8 37 -8
8 38 -7
8 39 10
8 40 -3
8 41 17
8 42 13
8 43 18
8 44 -2
8 45 -14
8 46 -8
8 47 -2
8 48 -6
8 49 3
8 50 -9
8 51 -1
8 52 -20
8 53 14
8 54 -12
8 55 -3
8 56 -18
8 57 -17
8 58 15
8 59 -2
8 60 -12
8 61 20
8 62 11
8 63 -14
8 64 -20
8 65 16
8 66 -2
8 67 10
8 68 10
8 69 8
8 70 1
8 71 -9
8 72 -17
8 73 -4
8 74 10
8 75 -13
8 76 -16
8 77 5
8 78 11
8 79 -16
8 80 16
8 81 20
8 82 -17
8 83 -11
8 84 -11
8 85 16
8 86 -1
8 87 -15
8 88 -5
8 89 -13
8 90 15
8 91 6
8 92 18
8 93 18
8 94 19
8 95 -6
8 96 13
8 97 4
8 98 8
8 99 8
9 10 -1
9 11 17
9 12 7
9 13 -1
9 14 16
9 15 19
9 16 -17
9 17 19
9 18 -14
9 19 -7
9 20 20
9 21 -7
9 22 -4
9 23 -15
9 24 -10
9 25 -5
9 26 -9
9 27 15
9 28 -16
9 29 -10
9 30 -20
9 31 6
9 32 8
9 33 18
9 34 10
9 35 -2
9 36 -18
9 37 -6
9 38 -2
9 39 -2
9 40 9
9 41 -16
9 42 -6
9 43 -4
9 44 20
9 45 17
9 46 -8
9 47 7
9 48 -13
9 49 14
9 50 -6
9 51 -11
9 52 -3
9 53 -11
9 54 -16
9 55 -17
9 56 -10
9 57 -1
9 58 18
9 59 16
9 60 -2
9 61 8
9 62 -13
9 63 9
9 64 -1
9 65 5
9 66 -3
9 67 12
9 68 14
9 69 11
9 70 8
9 71 -15
9 72 18
9 73 -18
9 74 7
9 75 0
9 76 18
9 77 -4
9 78 -19
9 79 -15
9 80 -6
9 81 16
9 82 17
9 83 -19
9 84 -3
9 85 16
9 86 -18
9 87 -9
9 88 10
9 89 13
9 90 8
9 91 -3
9 92 -9
9 93 17
9 94 7
9 95 20
9 96 11
9 97 -15
9 98 10
9 99 2
10 11 6
10 12 1
10 13 0
10 14 -14
10 15 -10
10 16 1
10 17 6
10 18 11
10 19 -2
10 20 5
10 21 15
10 22 -18
10 23 9
10 24 -15
10 25 0
10 26 -4
10 27 0
10 28 -13
10 29 5
10 30 12
10 31 -20
10 32 14
10 33 9
10 34 6
10 35 -17
10 36 -8
10 37 13
10 38 3
10 39 19
10 40 11
10 41 20
10 42 8
10 43 -17
10 44 -7
10 45 -3
10 46 15
10 47 -12
10 48 -2
10 49 8
10 50 11
10 51 -13
10 52 -19
10 53 20
10 54 18
10 55 -5
10 56 -10
10 57 -1
10 58 15
10 59 -20
10 60 15
10 61 6
10 62 -15
10 63 -6
10 64 -13
10 65 9
10 66 -13
10 67 -11
10 68 11
10 69 -2
10 70 12
10 71 -3
10 72 6
10 73 10
10 74 10
10 75 -5
10 76 9
10 77 15
10 78 -11
10 79 4
10 80 -8
10 81 18
10 82 12
10 83 -12
10 84 -16
10 85 -3
10 86 6
10 87 1
10 88 12
10 89 -3
10 90 -20
10 91 -2
10 92 -1
10 93 17
10 94 17
10 95 11
10 96 -11
10 97 8
10 98 14
10 99 10
11 12 2
11 13 1
11 14 15
11 15 14
11 16 4
11 17 9
11 18 0
11 19 -8
11 20 -5
11 21 16
11 22 4
11 23 -6
11 24 6
11 25 -18
11 26 0
11 27 10
11 28 4
11 29 4
11 30 -11
11 31 11
11 32 -18
11 33 -12
11 34 12
11 35 17
11 36 1
11 37 -14
11 38 8
11 39 -14
11 40 13
11 41 9
11 42 -20
11 43 -11
11 44 6
11 45 -11
11 46 -16
11 47 10
11 48 -4
11 49 1
11 50 19
11 51 5
11 52 -15
11 53 1
11 54 14
11 55 4
11 56 0
11 57 20
11 58 11
11 59 14
11 60 -18
11 61 19
11 62 -16
11 63 -5
11 64 20
11 65 -2
11 66 -6
11 67 -15
11 68 7
11 69 -14
11 70 20
11 71 -14
11 72 8
11 73 -10
11 74 -1
11 75 -19
11 76 -18
11 77 0
11 78 -17
11 79 -2
11 80 2
11 81 3
11 82 7
11 83 -11
11 84 -5
11 85 13
11 86 6
11 87 16
11 88 -9
11 89 -10
11 90 -9
11 91 -15
11 92 19
11 93 4
11 94 19
11 95 -5
11 96 11
11 97 17
11 98 -11
11 99 -6
12 13 9
12 14 20
12 15 -4
12 16 9
12 17 -4
12 18 -20
12 19 9
12 20 -2
12 21 14
12 22 -10
12 23 -16
12 24 8
12 25 2
12 26 17
12 27 -1
12 28 20
12 29 7
12 30 -4
12 31 9
12 32 -1
12 33 -8
12 34 4
12 35 10
12 36 -14
12 37 -5
12 38 4
12 39 16
12 40 2
12 41 16
12 42 -2
12 43 -2
12 44 -19
12 45 5
12 46 -3
12 47 -20
12 48 16
12 49 -17
12 50 18
12 51 11
12 52 -2
12 53 -6
12 54 18
12 55 2
12 56 -6
12 57 20
12 58 -8
12 59 19
12 60 -4
12 61 -12
12 62 20
12 63 -14
12 64 20
12 65 -18
12 66 -1
12 67 8
12 68 -18
12 69 17
12 70 3
12 71 -12
12 72 -15
12 73 -2
12 74 0
12 75 6
12 76 -9
12 77 -8
12 78 -12
12 79 14
12 80 3
12 81 13
12 82 12
12 83 -3
12 84 -10
12 85 -4
12 86 10
12 87 -2
12 88 1
12 89 -13
12 90 9
12 91 -16
12 92 -11
12 93 -6
12 94 5
12 95 15
12 96 3
12 97 -15
12 98 5
12 99 -20
13 14 -4
13 15 14
13 16 -13
13 17 9
13 18 3
13 19 -4
13 20 17
13 21 4
13 22 20
13 23 3
13 24 -14
13 25 -6
13 26 10
13 27 -19
13 28 19
13 29 15
13 30 0
13 31 19
13 32 -6
13 33 -16
13 34 20
13 35 9
13 36 -1
13 37 6
13 38 -13
13 39 -12
13 40 -18
13 41 -18
13 42 -1
13 43 11
13 44 -13
13 45 -14
13 46 -5
13 47 14
13 48 -12
13 49 4
13 50 9
13 51 3
13 52 14
13 53 6
13 54 17
13 55 -11
13 56 6
13 57 -14
13 58 11
13 59 19
13 60 6
13 61 -3
13 62 -18
13 63 3
13 64 -7
13 65 8
13 66 8
13 67 -5
13 68 3
13 69 -14
13 70 3
13 71 14
13 72 2
13 73 -17
13 74 5
13 75 -3
13 76 -8
13 77 -13
13 78 9
13 79 -15
13 80 -7
13 81 20
13 82 18
13 83 -19
13 84 -17
13 85 1
13 86 -5
13 87 -12
13 88 16
13 89 -7
13 90 -16
13 91 15
13 92 -7
13 93 17
13 94 -7
13 95 -6
13 96 1
13 97 -11
13 98 18
13 99 -20
14 15 -3
14 16 -11
14 17 -12
14 18 14
14 19 -4
14 20 -9
14 21 -13
14 22 -19
14 23 -12
14 24 -20
14 25 2
14 26 -5
14 27 17
14 28 0
14 29 -19
14 30 -9
14 31 -4
14 32 -17
14 33 -12
14 34 6
14 35 13
14 36 -13
14 37 -16
14 38 10
14 39 8
14 40 3
14 41 12
14 42 17
14 43 -14
14 44 8
14 45 12
14 46 -6
14 47 19
14 48 -18
14 49 13
14 50 -1
14 51 9
14 52 -19
14 53 -17
14 54 10
14 55 5
14 56 7
14 57 -14
14 58 11
14 59 8
14 60 -16
14 61 -15
14 62 0
14 63 18
14 64 -11
14 65 -16
14 66 -12
14 67 -3
14 68 19
14 69 20
14 70 17
14 71 15
14 72 0
14 73 4
14 74 18
14 75 13
14 76 -2
14 77 9
14 78 12
14 79 18
14 80 7
14 81 -14
14 82 -13
14 83 15
14 84 -7
14 85 7
14 86 8
14 87 -6
14 88 6
14 89 1
14 90 9
14 91 5
14 92 6
14 93 -14
14 94 0
14 95 7
14 96 0
14 97 -4
14 98 3
14 99 -11
15 16 10
15 17 -16
15 18 -15
15 19 -15
15 20 -15
15 21 7
15 22 -14
15 23 3
15 24 -12
15 25 15
15 26 -17
15 27 17
15 28 15
15 29 15
15 30 1
15 31 -13
15 32 6
15 33 2
15 34 7
15 35 -17
15 36 -2
15 37 18
15 38 -1
15 39 2
15 40 -14
15 41 16
15 42 12
15 43 -7
15 44 -11
15 45 10
15 46 -6
15 47 -14
15 48 2
15 49 15
15 50 3
15 51 -13
15 52 -3
15 53 16
15 54 -6
15 55 7
15 56 15
15 57 19
15 58 19
15 59 15
15 60 -19
15 61 18
15 62 -3
15 63 -19
15 64 -9
15 65 -3
15 66 -1
15 67 1
15 68 2
15 69 -20
15 70 -9
15 71 -11
15 72 16
15 73 5
15 74 -16
15 75 -11
15 76 20
15 77 -19
15 78 -15
15 79 13
15 80 -7
15 81 4
15 82 6
15 83 9
15 84 1
15 85 -10
15 86 3
15 87 -1
15 88 0
15 89 16
15 90 18
15 91 -15
15 92 -17
15 93 -11
15 94 -10
15 95 19
15 96 -17
15 97 -15
15 98 -3
15 99 8
16 17 7
16 18 11
16 19 18
16 20 8
16 21 6
16 22 -3
16 23 -7
16 24 12
16 25 -13
16 26 2
16 27 7
16 28 -13
16 29 -2
16 30 17
16 31 11
16 32 13
16 33 -1
16 34 -18
16 35 -6
16 36 5
16 37 18
16 38 -17
16 39 -20
16 40 -7
16 41 -1
16 42 -7
16 43 -12
16 44 -4
16 45 -2
16 46 0
16 47 -13
16 48 -20
16 49 11
16 50 7
16 51 -9
16 52 -12
16 53 4
16 54 14
16 55 -6
16 56 12
16 57 15
16 58 2
16 59 -16
16 60 5
16 61 -18
16 62 7
16 63 -19
16 64 9
16 65 -16
16 66 0
16 67 16
16 68 7
16 69 16
16 70 5
16 71 20
16 72 6
16 73 -2
16 74 -13
16 75 5
16 76 -19
16 77 0
16 78 -10
16 79 19
16 80 9
16 81 3
16 82 -15
16 83 7
16 84 -14
16 85 -5
16 86 7
16 87 17
16 88 5
16 89 13
16 90 -15
16 91 5
16 92 -1
16 93 1
16 94 -6
16 95 1
16 96 -10
16 97 -16
16 98 12
16 99 20
17 18 -13
17 19 13
17 20 12
17 21 -8
17 22 2
17 23 2
17 24 -11
17 25 -5
17 26 -14
17 27 -11
17 28 -4
17 29 -8
17 30 -9
17 31 18
17 32 -11
17 33 -16
17 34 -9
17 35 20
17 36 11
17 37 9
17 38 16
17 39 17
17 40 8
17 41 16
17 42 20
17 43 19
17 44 0
17 45 20
17 46 0
17 47 -11
17 48 8
17 49 -16
17 50 10
17 51 8
17 52 20
17 53 -1
17 54 -3
17 55 17
17 56 -17
17 57 2
17 58 12
17 59 -16
17 60 -1
17 61 9
17 62 8
17 63 -18
17 64 -17
17 65 3
17 66 -2
17 67 -16
17 68 -15
17 69 19
17 70 18
17 71 12
17 72 4
17 73 9
17 74 17
17 75 15
17 76 -18
17 77 8
17 78 16
17 79 -8
17 80 0
17 81 18
17 82 10
17 83 12
17 84 -11
17 85 -17
17 86 8
17 87 -14
17 88 1
17 89 -15
17 90 12
17 91 -9
17 92 -18
17 93 -5
17 94 8
17 95 8
17 96 13
17 97 13
17 98 19
17 99 -10
18 19 3
18 20 3
18 21 -2
18 22 4
18 23 6
18 24 1
18 25 18
18 26 -17
18 27 20
18 28 1
18 29 -16
18 30 1
18 31 -14
18 32 15
18 33 4
18 34 -2
18 35 -4
18 36 18
18 37 -11
18 38 1
18 39 -15
18 40 17
18 41 -11
18 42 2
18 43 -1
18 44 5
18 45 -12
18 46 18
18 47 -15
18 48 -1
18 49 15
18 50 4
18 51 1
18 52 -12
18 53 13
18 54 -15
18 55 7
18 56 12
18 57 3
18 58 -19
18 59 3
18 60 -1
18 61 -9
18 62 -7
18 63 1
18 64 11
18 65 -8
18 66 -6
18 67 -12
18 68 -11
18 69 -16
18 70 -2
18 71 -14
18 72 12
18 73 14
18 74 13
18 75 -18
18 76 1
18 77 19
18 78 -12
18 79 18
18 80 4
18 81 -11
18 82 -10
18 83 -9
18 84 19
18 85 -10
18 86 8
18 87 -18
18 88 6
18 89 3
18 90 -5
18 91 8
18 92 19
18 93 -2
18 94 8
18 95 -6
18 96 14
18 97 -5
18 98 -1
18 99 10
19 20 -8
19 21 3
19 22 16
19 23 8
19 24 9
19 25 -2
19 26 4
19 27 12
19 28 13
19 29 6
19 30 -10
19 31 -8
19 32 18
19 33 -12
19 34 -4
19 35 -17
19 36 10
19 37 3
19 38 15
19 39 -14
19 40 13
19 41 -13
19 42 -2
19 43 -15
19 44 -10
19 45 -3
19 46 8
19 47 12
19 48 -11
19 49 7
19 50 -15
19 51 -6
19 52 8
19 53 2
19 54 -19
19 55 6
19 56 -17
19 57 5
19 58 12
19 59 3
19 60 -5
19 61 4
19 62 -15
19 63 3
19 64 -6
19 65 -19
19 66 0
19 67 -14
19 68 1
19 69 -11
19 70 -12
19 71 -18
19 72 -2
19 73 10
19 74 -12
19 75 10
19 76 8
19 77 19
19 78 -20
19 79 -15
19 80 -19
19 81 -4
19 82 -7
19 83 -11
19 84 15
19 85 18
19 86 13
19 87 7
19 88 -13
19 89 -2
19 90 -5
19 91 -1
19 92 -13
19 93 -17
19 94 -5
19 95 6
19 96 20
19 97 19
19 98 9
19 99 -16
20 21 -13
20 22 11
20 23 18
20 24 14
20 25 -19
20 26 20
20 27 12
20 28 16
20 29 -5
20 30 -11
20 31 -2
20 32 7
20 33 -20
20 34 19
20 35 2
20 36 -5
20 37 16
20 38 6
20 39 -9
20 40 -15
20 41 13
20 42 3
20 43 -16
20 44 13
20 45 14
20 46 12
20 47 12
20 48 15
20 49 -19
20 50 4
20 51 10
20 52 -18
20 53 20
20 54 4
20 55 3
20 56 -4
20 57 -19
20 58 2
20 59 -16
20 60 2
20 61 -5
20 62 20
20 63 -14
20 64 17
20 65 1
20 66 -12
20 67 -18
20 68 2
20 69 14
20 70 1
20 71 -9
20 72 9
20 73 10
20 74 20
20 75 -9
20 76 -12
20 77 -16
20 78 9
20 79 -18
20 80 -2
20 81 -8
20 82 -18
20 83 -8
20 84 -18
20 85 0
20 86 -1
20 87 12
20 88 5
20 89 14
20 90 10
20 91 -4
20 92 -18
20 93 -8
20 94 -2
20 95 2
20 96 -17
20 97 1
20 98 -3
20 99 -13
21 22 3
21 23 7
21 24 5
21 25 8
21 26 4
21 27 1
21 28 -9
21 29 11
21 30 11
21 31 3
21 32 13
21 33 -3
21 34 -15
21 35 7
21 36 -15
21 37 7
21 38 18
21 39 -9
21 40 14
21 41 -2
21 42 0
21 43 -14
21 44 -15
21 45 0
21 46 -2
21 47 -1
21 48 8
21 49 18
21 50 7
21 51 -10
21 52 8
21 53 2
21 54 8
21 55 -18
21 56 2
21 57 19
21 58 7
21 59 -3
21 60 20
21 61 -17
21 62 -16
21 63 20
21 64 5
21 65 3
21 66 12
21 67 -10
21 68 -19
21 69 -11
21 70 18
21 71 8
21 72 -18
21 73 -12
21 74 -16
21 75 -5
21 76 3
21 77 3
21 78 4
21 79 16
21 80 -18
21 81 18
21 82 -11
21 83 8
21 84 3
21 85 3
21 86 8
21 87 -16
21 88 16
21 89 -12
21 90 13
21 91 3
21 92 5
21 93 0
21 94 -3
21 95 -5
21 96 -13
21 97 -19
21 98 -9
21 99 11
22 23 13
22 24 4
22 25 15
22 26 -13
22 27 -4
22 28 -4
22 29 8
22 30 -7
22 31 19
22 32 -2
22 33 11
22 34 -8
22 35 -13
22 36 -12
22 37 -16
22 38 8
22 39 -9
22 40 8
22 41 -15
22 42 0
22 43 2
22 44 -16
22 45 15
22 46 14
22 47 -2
22 48 -1
22 49 -10
22 50 20
22 51 -9
22 52 3
22 53 12
22 54 -6
22 55 -13
22 56 -8
22 57 -12
22 58 -5
22 59 11
22 60 -19
22 61 3
22 62 15
22 63 16
22 64 3
22 65 9
22 66 15
22 67 -12
22 68 19
22 69 -15
22 70 -16
22 71 -1
22 72 5
22 73 10
22 74 13
22 75 6
22 76 6
22 77 16
22 78 -16
22 79 -12
22 80 0
22 81 -16
22 82 8
22 83 9
22 84 13
22 85 2
22 86 -12
22 87 15
22 88 20
22 89 17
22 90 -9
22 91 -12
22 92 7
22 93 12
22 94 -17
22 95 -13
22 96 13
22 97 -11
22 98 -1
22 99 -10
23 24 -10
23 25 0
23 26 -6
23 27 2
23 28 13
23 29 -2
23 30 -15
23 31 -4
23 32 -8
23 33 20
23 34 15
23 35 -3
23 36 -12
23 37 20
23 38 -1
23 39 19
23 40 14
23 41 -15
23 42 12
23 43 -10
23 44 17
23 45 17
23 46 -11
23 47 -10
23 48 19
23 49 18
23 50 1
23 51 16
23 52 -18
23 53 -19
23 54 -15
23 55 -18
23 56 16
23 57 -4
23 58 -7
23 59 16
23 60 6
23 61 19
23 62 20
23 63 -19
23 64 11
23 65 20
23 66 14
23 67 -2
23 68 -1
23 69 10
23 70 -5
23 71 5
23 72 -1
23 73 9
23 74 -16
23 75 -17
23 76 -10
23 77 8
23 78 6
23 79 10
23 80 9
23 81 -7
23 82 1
23 83 18
23 84 -11
23 85 0
23 86 0
23 87 2
23 88 5
23 89 -12
23 90 3
23 91 12
23 92 15
23 93 -14
23 94 0
23 95 -5
23 96 9
23 97 -13
23 98 -3
23 99 8
24 25 -5
24 26 -11
24 27 -14
24 28 -17
24 29 -2
24 30 4
24 31 19
24 32 6
24 33 -5
24 34 -10
24 35 0
24 36 16
24 37 0
24 38 -8
24 39 -10
24 40 11
24 41 12
24 42 9
24 43 11
24 44 -1
24 45 11
24 46 -19
24 47 -15
24 48 5
24 49 12
24 50 9
24 51 -5
24 52 -7
24 53 17
24 54 2
24 55 -17
24 56 -17
24 57 -2
24 58 11
24 59 18
24 60 10
24 61 -2
24 62 14
24 63 -20
24 64 -14
24 65 7
24 66 -12
24 67 -4
24 68 3
24 69 5
24 70 3
24 71 -18
24 72 5
24 73 -17
24 74 16
24 75 15
24 76 -8
24 77 3
24 78 15
24 79 -2
24 80 -16
24 81 4
24 82 12
24 83 8
24 84 15
24 85 -3
24 86 19
24 87 19
24 88 -13
24 89 -12
24 90 -14
24 91 5
24 92 3
24 93 1
24 94 15
24 95 3
24 96 -11
24 97 -8
24 98 18
24 99 12
25 26 5
25 27 12
25 28 -18
25 29 -18
25 30 -18
25 31 -12
25 32 1
25 33 10
25 34 13
25 35 9
25 36 -11
25 37 18
25 38 12
25 39 -12
25 40 0
25 41 19
25 42 0
25 43 -10
25 44 5
25 45 19
25 46 -1
25 47 17
25 48 1
25 49 12
25 50 12
25 51 14
25 52 11
25 53 16
25 54 -1
25 55 10
25 56 -19
25 57 3
25 58 1
25 59 -13
25 60 6
25 61 17
25 62 -1
25 63 20
25 64 -19
25 65 18
25 66 10
25 67 -4
25 68 17
25 69 16
25 70 -6
25 71 -17
25 72 17
25 73 10
25 74 -10
25 75 13
25 76 20
25 77 19
25 78 4
25 79 -11
25 80 -5
25 81 -18
25 82 16
25 83 -13
25 84 -8
25 85 -19
25 86 8
25 87 0
25 88 6
25 89 -11
25 90 6
25 91 -7
25 92 6
25 93 12
25 94 19
25 95 10
25 96 -17
25 97 -12
25 98 13
25 99 -7
26 27 15
26 28 0
26 29 10
26 30 13
26 31 4
26 32 0
26 33 -9
26 34 9
26 35 14
26 36 1
26 37 14
26 38 2
26 39 -4
26 40 19
26 41 10
26 42 -8
26 43 -5
26 44 -3
26 45 15
26 46 -1
26 47 -6
26 48 -1
26 49 -2
26 50 -7
26 51 11
26 52 0
26 53 10
26 54 2
26 55 15
26 56 -3
26 57 -2
26 58 -13
26 59 16
26 60 14
26 61 4
26 62 5
26 63 2
26 64 -11
26 65 -2
26 66 -18
26 67 -2
26 68 -15
26 69 2
26 70 8
26 71 -4
26 72 10
26 73 -7
26 74 -8
26 75 14
26 76 -3
26 77 15
26 78 -3
26 79 -12
26 80 -14
26 81 19
26 82 17
26 83 -5
26 84 -5
26 85 -17
26 86 13
26 87 -6
26 88 20
26 89 -6
26 90 -17
26 91 -14
26 92 6
26 93 1
26 94 10
26 95 -14
26 96 -12
26 97 -20
26 98 15
26 99 -10
27 28 6
27 29 10
27 30 10
27 31 -8
27 32 -2
27 33 0
27 34 -2
27 35 -17
27 36 -15
27 37 16
27 38 -6
27 39 14
27 40 -18
27 41 -9
27 42 6
27 43 -9
27 44 -18
27 45 5
27 46 11
27 47 -9
27 48 -2
27 49 -18
27 50 -20
27 51 -1
27 52 16
27 53 18
27 54 -14
27 55 1
27 56 -2
27 57 9
27 58 14
27 59 13
27 60 11
27 61 -12
27 62 12
27 63 9
27 64 -3
27 65 -8
27 66 -13
27 67 1
27 68 -10
27 69 9
27 70 -4
27 71 -9
27 72 -20
27 73 1
27 74 -2
27 75 16
27 76 -8
27 77 -9
27 78 19
27 79 20
27 80 5
27 81 7
27 82 12
27 83 0
27 84 -15
27 85 5
27 86 -14
27 87 -9
27 88 -12
27 89 10
27 90 0
27 91 -5
27 92 -20
27 93 -4
27 94 4
27 95 -5
27 96 8
27 97 -3
27 98 1
27 99 -1
28 29 17
28 30 16
28 31 -20
28 32 -4
28 33 3
28 34 -5
28 35 -17
28 36 -13
28 37 9
28 38 -1
28 39 -10
28 40 5
28 41 12
28 42 -1
28 43 -13
28 44 20
28 45 -2
28 46 3
28 47 19
28 48 -6
28 49 -6
28 50 -12
28 51 10
28 52 -11
28 53 9
28 54 18
28 55 3
28 56 6
28 57 15
28 58 10
28 59 14
28 60 -7
28 61 -5
28 62 18
28 63 -15
28 64 13
28 65 8
28 66 13
28 67 3
28 68 -16
28 69 16
28 70 -13
28 71 -17
28 72 15
28 73 12
28 74 -8
28 75 16
28 76 14
28 77 -11
28 78 -10
28 79 0
28 80 13
28 81 8
28 82 -13
28 83 -7
28 84 17
28 85 11
28 86 -15
28 87 12
28 88 8
28 89 -17
28 90 9
28 91 -12
28 92 12
28 93 6
28 94 9
28 95 16
28 96 -17
28 97 15
28 98 9
28 99 -1
29 30 -19
29 31 5
29 32 -4
29 33 -20
29 34 -7
29 35 17
29 36 -16
29 37 -18
29 38 7
29 39 2
29 40 -16
29 41 14
29 42 -17
29 43 -16
29 44 10
29 45 -18
29 46 -2
29 47 6
29 48 -9
29 49 -12
29 50 6
29 51 3
29 52 4
29 53 8
29 54 4
29 55 4
29 56 -15
29 57 14
29 58 -12
29 59 2
29 60 -13
29 61 -9
29 62 14
29 63 5
29 64 13
29 65 -12
29 66 -6
29 67 -20
29 68 -19
29 69 -1
29 70 9
29 71 14
29 72 7
29 73 14
29 74 4
29 75 -6
29 76 -5
29 77 9
29 78 2
29 79 -11
29 80 -3
29 81 -8
29 82 -13
29 83 -18
29 84 6
29 85 19
29 86 -19
29 87 -5
29 88 -7
29 89 -16
29 90 -14
29 91 18
29 92 -18
29 93 8
29 94 18
29 95 -17
29 96 -5
29 97 -18
29 98 5
29 99 8
30 31 -6
30 32 14
30 33 -7
30 34 -17
30 35 -12
30 36 12
30 37 -2
30 38 -6
30 39 16
30 40 0
30 41 16
30 42 18
30 43 0
30 44 -5
30 45 -1
30 46 -11
30 47 13
30 48 -6
30 49 6
30 50 -1
30 51 -3
30 52 -17
30 53 15
30 54 17
30 55 -9
30 56 20
30 57 7
30 58 15
30 59 11
30 60 -17
30 61 2
30 62 4
30 63 13
30 64 0
30 65 6
30 66 6
30 67 -11
30 68 -1
30 69 4
30 70 -9
30 71 14
30 72 10
30 73 -5
30 74 -6
30 75 -1
30 76 -11
30 77 9
30 78 -17
30 79 15
30 80 6
30 81 6
30 82 15
30 83 13
30 84 -12
30 85 4
30 86 -5
30 87 -4
30 88 -7
30 89 1
30 90 -15
30 91 8
30 92 3
30 93 -15
30 94 14
30 95 -8
30 96 -17
30 97 -3
30 98 4
30 99 18
31 32 18
31 33 -18
31 34 -16
31 35 -8
31 36 17
31 37 15
31 38 -7
31 39 10
31 40 -7
31 41 1
31 42 -1
31 43 -20
31 44 -7
31 45 -8
31 46 -13
31 47 10
31 48 -5
31 49 18
31 50 -7
31 51 5
31 52 -5
31 53 15
31 54 0
31 55 -2
31 56 4
31 57 9
31 58 14
31 59 2
31 60 -1
31 61 -4
31 62 3
31 63 12
31 64 11
31 65 9
31 66 -14
31 67 10
31 68 0
31 69 -7
31 70 3
31 71 0
31 72 6
31 73 -18
31 74 16
31 75 -6
31 76 -11
31 77 -19
31 78 -4
31 79 15
31 80 17
31 81 17
31 82 6
31 83 -2
31 84 -11
31 85 -8
31 86 1
31 87 -6
31 88 4
31 89 16
31 90 -5
31 91 11
31 92 15
31 93 1
31 94 -4
31 95 11
31 96 11
31 97 9
31 98 -10
31 99 2
32 33 -10
32 34 -12
32 35 14
32 36 11
32 37 -9
32 38 14
32 39 -17
32 40 13
32 41 -18
32 42 -16
32 43 -17
32 44 -20
32 45 6
32 46 -12
32 47 20
32 48 -6
32 49 -16
32 50 -11
32 51 -20
32 52 -7
32 53 12
32 54 9
32 55 3
32 56 -17
32 57 19
32 58 20
32 59 19
32 60 10
32 61 11
32 62 -19
32 63 -20
32 64 14
32 65 15
32 66 6
32 67 -20
32 68 -19
32 69 13
32 70 -3
32 71 14
32 72 -2
32 73 -19
32 74 12
32 75 7
32 76 -9
32 77 -14
32 78 -14
32 79 13
32 80 -11
32 81 -5
32 82 -8
32 83 19
32 84 13
32 85 -4
32 86 2
32 87 -3
32 88 5
32 89 -15
32 90 3
32 91 5
32 92 9
32 93 16
32 94 -5
32 95 -6
32 96 -1
32 97 -15
32 98 -18
32 99 -15
33 34 5
33 35 4
33 36 4
33 37 15
33 38 10
33 39 -17
33 40 20
33 41 -20
33 42 -10
33 43 -15
33 44 11
33 45 7
33 46 1
33 47 16
33 48 -14
33 49 13
33 50 -18
33 51 -6
33 52 -7
33 53 16
33 54 10
33 55 -3
33 56 -18
33 57 -16
33 58 -3
33 59 14
33 60 16
33 61 -18
33 62 -9
33 63 0
33 64 -19
33 65 -7
33 66 17
33 67 -11
33 68 5
33 69 -16
33 70 -1
33 71 -10
33 72 16
33 73 -5
33 74 16
33 75 4
33 76 14
33 77 1
33 78 4
33 79 -12
33 80 -15
33 81 12
33 82 2
33 83 -17
33 84 -14
33 85 7
33 86 -6
33 87 -16
33 88 1
33 89 18
33 90 19
33 91 18
33 92 5
33 93 0
33 94 -19
33 95 20
33 96 -3
33 97 8
33 98 11
33 99 -6
34 35 2
34 36 15
34 37 4
34 38 7
34 39 -9
34 40 17
34 41 4
34 42 -15
34 43 19
34 44 -2
34 45 -5
34 46 -16
34 47 -15
34 48 -3
34 49 -11
34 50 4
34 51 20
34 52 -11
34 53 4
34 54 0
34 55 3
34 56 -14
34 57 -15
34 58 -20
34 59 -1
34 60 8
34 61 3
34 62 -3
34 63 -14
34 64 -12
34 65 -15
34 66 -9
34 67 7
34 68 8
34 69 15
34 70 15
34 71 12
34 72 6
34 73 -14
34 74 -19
34 75 -15
34 76 2
34 77 15
34 78 -15
34 79 18
34 80 18
34 81 0
34 82 4
34 83 -20
34 84 -2
34 85 6
34 86 4
34 87 -15
34 88 15
34 89 -5
34 90 16
34 91 13
34 92 -10
34 93 4
34 94 -10
34 95 -12
34 96 -3
34 97 -1
34 98 -3
34 99 11
35 36 -11
35 37 -16
35 38 -10
35 39 7
35 40 -3
35 41 6
35 42 -1
35 43 10
35 44 -16
35 45 3
35 46 -4
35 47 -5
35 48 20
35 49 11
35 50 18
35 51 19
35 52 -8
35 53 9
35 54 -14
35 55 -12
35 56 -1
35 57 -20
35 58 5
35 59 1
35 60 19
35 61 4
35 62 1
35 63 8
35 64 1
35 65 7
35 66 18
35 67 -12
35 68 -1
35 69 0
35 70 18
35 71 -8
35 72 10
35 73 0
35 74 -9
35 75 5
35 76 0
35 77 -2
35 78 20
35 79 11
35 80 16
35 81 -5
35 82 0
35 83 4
35 84 -3
35 85 5
35 86 3
35 87 -13
35 88 16
35 89 -8
35 90 17
35 91 14
35 92 -9
35 93 15
35 94 -19
35 95 9
35 96 -7
35 97 8
35 98 -2
35 99 -16
36 37 6
36 38 11
36 39 -12
36 40 20
36 41 -1
36 42 -5
36 43 -4
36 44 -11
36 45 7
36 46 4
36 47 -16
36 48 8
36 49 18
36 50 10
36 51 17
36 52 5
36 53 14
36 54 12
36 55 6
36 56 14
36 57 -18
36 58 3
36 59 14
36 60 18
36 61 20
36 62 -15
36 63 -14
36 64 -5
36 65 2
36 66 -10
36 67 19
36 68 -18
36 69 16
36 70 5
36 71 1
36 72 7
36 73 -14
36 74 -20
36 75 -14
36 76 -4
36 77 -6
36 78 12
36 79 13
36 80 15
36 81 17
36 82 16
36 83 -6
36 84 8
36 85 3
36 86 5
36 87 9
36 88 17
36 89 12
36 90 -11
36 91 2
36 92 -19
36 93 10
36 94 -14
36 95 -2
36 96 6
36 97 -15
36 98 -13
36 99 -11
37 38 2
37 39 -1
37 40 1
37 41 9
37 42 -7
37 43 13
37 44 10
37 45 2
37 46 10
37 47 -14
37 48 8
37 49 8
37 50 0
37 51 -16
37 52 -1
37 53 -18
37 54 -13
37 55 -19
37 56 1
37 57 -14
37 58 -10
37 59 -5
37 60 13
37 61 -9
37 62 15
37 63 -10
37 64 1
37 65 15
37 66 7
37 67 9
37 68 -6
37 69 5
37 70 20
37 71 -9
37 72 -9
37 73 20
37 74 7
37 75 5
37 76 -19
37 77 19
37 78 -8
37 79 8
37 80 17
37 81 7
37 82 4
37 83 -20
37 84 -7
37 85 -7
37 86 -3
37 87 -16
37 88 16
37 89 -14
37 90 14
37 91 -9
37 92 3
37 93 0
37 94 -8
37 95 9
37 96 -13
37 97 -4
37 98 11
37 99 13
38 39 20
38 40 0
38 41 18
38 42 4
38 43 19
38 44 5
38 45 17
38 46 -13
38 47 2
38 48 2
38 49 9
38 50 19
38 51 -9
38 52 -1
38 53 19
38 54 17
38 55 -15
38 56 -12
38 57 0
38 58 -13
38 59 -5
38 60 -1
38 61 -13
38 62 -9
38 63 3
38 64 -11
38 65 12
38 66 4
38 67 6
38 68 18
38 69 -12
38 70 16
38 71 4
38 72 7
38 73 -9
38 74 11
38 75 20
38 76 14
38 77 -9
38 78 15
38 79 -10
38 80 11
38 81 -2
38 82 -12
38 83 -9
38 84 0
38 85 8
38 86 19
38 87 -17
38 88 2
38 89 -20
38 90 11
38 91 -12
38 92 -8
38 93 4
38 94 15
38 95 12
38 96 11
38 97 6
38 98 11
38 99 6
39 40 8
39 41 11
39 42 -10
39 43 -15
39 44 16
39 45 -19
39 46 -6
39 47 -2
39 48 -18
39 49 -3
39 50 -6
39 51 14
39 52 -2
39 53 -10
39 54 9
39 55 16
39 56 11
39 57 15
39 58 12
39 59 -13
39 60 16
39 61 -13
39 62 -3
39 63 14
39 64 3
39 65 14
39 66 -18
39 67 8
39 68 14
39 69 -7
39 70 7
39 71 -14
39 72 -5
39 73 -1
39 74 -18
39 75 8
39 76 -4
39 77 2
39 78 -15
39 79 8
39 80 -13
39 81 -5
39 82 -7
39 83 17
39 84 2
39 85 19
39 86 20
39 87 7
39 88 -10
39 89 19
39 90 -12
39 91 -7
39 92 -7
39 93 -17
39 94 16
39 95 2
39 96 14
39 97 -3
39 98 18
39 99 14
40 41 -10
40 42 0
40 43 -2
40 44 -2
40 45 16
40 46 -3
40 47 12
40 48 -14
40 49 -12
40 50 6
40 51 -17
40 52 -3
40 53 -12
40 54 -12
40 55 -5
40 56 -11
40 57 0
40 58 -5
40 59 5
40 60 11
40 61 -11
40 62 16
40 63 20
40 64 -3
40 65 20
40 66 6
40 67 4
40 68 8
40 69 -16
40 70 20
40 71 -15
40 72 5
40 73 12
40 74 -3
40 75 3
40 76 9
40 77 11
40 78 0
40 79 17
40 80 -20
40 81 -15
40 82 9
40 83 20
40 84 2
40 85 -16
40 86 14
40 87 5
40 88 -7
40 89 7
40 90 -7
40 91 11
40 92 -3
40 93 0
40 94 -2
40 95 1
40 96 15
40 97 16
40 98 -12
40 99 16
41 42 11
41 43 1
41 44 -17
41 45 -18
41 46 -14
41 47 20
41 48 9
41 49 -19
41 50 -13
41 51 -10
41 52 8
41 53 9
41 54 -20
41 55 7
41 56 -8
41 57 -12
41 58 -1
41 59 -10
41 60 -3
41 61 -15
41 62 3
41 63 -4
41 64 -15
41 65 3
41 66 -10
41 67 -17
41 68 5
41 69 20
41 70 -1
41 71 -6
41 72 7
41 73 -15
41 74 -14
41 75 -20
41 76 -7
41 77 10
41 78 -16
41 79 -12
41 80 17
41 81 -6
41 82 13
41 83 8
41 84 -20
41 85 -20
41 86 1
41 87 -13
41 88 7
41 89 -12
41 90 10
41 91 -16
41 92 -6
41 93 4
41 94 -15
41 95 -14
41 96 -14
41 97 0
41 98 3
41 99 -1
42 43 -12
42 44 4
42 45 -12
42 46 -11
42 47 -16
42 48 13
42 49 16
42 50 -20
42 51 19
42 52 -10
42 53 8
42 54 2
42 55 -7
42 56 20
42 57 -11
42 58 6
42 59 19
42 60 8
42 61 -7
42 62 -15
42 63 -14
42 64 -12
42 65 -13
42 66 17
42 67 4
42 68 2
42 69 7
42 70 0
42 71 -12
42 72 -5
42 73 -3
42 74 -15
42 75 -5
42 76 15
42 77 18
42 78 18
42 79 18
42 80 -2
42 81 -19
42 82 -1
42 83 -7
42 84 13
42 85 18
42 86 12
42 87 -8
42 88 5
42 89 -2
42 90 -17
42 91 -5
42 92 11
42 93 4
42 94 -13
42 95 -5
42 96 11
42 97 20
42 98 18
42 99 -16
43 44 13
43 45 -20
43 46 3
43 47 0
43 48 -12
43 49 4
43 50 16
43 51 6
43 52 3
43 53 14
43 54 -9
43 55 10
43 56 -16
43 57 -19
43 58 17
43 59 -16
43 60 -20
43 61 -4
43 62 -7
43 63 -18
43 64 -17
43 65 5
43 66 12
43 67 -2
43 68 20
43 69 12
43 70 6
43 71 7
43 72 5
43 73 -15
43 74 20
43 75 14
43 76 14
43 77 19
43 78 -11
43 79 -3
43 80 -15
43 81 -1
43 82 -15
43 83 12
43 84 -7
43 85 -11
43 86 14
43 87 0
43 88 5
43 89 17
43 90 20
43 91 -16
43 92 -1
43 93 7
43 94 -5
43 95 -17
43 96 -5
43 97 -15
43 98 7
43 99 -13
44 45 9
44 46 19
44 47 18
44 48 -17
44 49 -1
44 50 -9
44 51 -13
44 52 -20
44 53 -12
44 54 -20
44 55 -10
44 56 11
44 57 2
44 58 13
44 59 13
44 60 -4
44 61 -10
44 62 3
44 63 -12
44 64 -3
44 65 -13
44 66 -19
44 67 1
44 68 7
44 69 -3
44 70 13
44 71 -16
44 72 -4
44 73 16
44 74 20
44 75 -16
44 76 11
44 77 9
44 78 12
44 79 3
44 80 -17
44 81 11
44 82 16
44 83 -10
44 84 3
44 85 -10
44 86 -4
44 87 -14
44 88 16
44 89 -13
44 90 -6
44 91 12
44 92 -20
44 93 -18
44 94 -20
44 95 -5
44 96 -18
44 97 10
44 98 3
44 99 4
45 46 -11
45 47 -9
45 48 -18
45 49 15
45 50 6
45 51 -6
45 52 0
45 53 -5
45 54 6
45 55 0
45 56 -3
45 57 -16
45 58 16
45 59 3
45 60 -13
45 61 12
45 62 -17
45 63 -9
45 64 -6
45 65 13
45 66 -18
45 67 5
45 68 -16
45 69 9
45 70 -2
45 71 -1
45 72 0
45 73 -15
45 74 15
45 75 9
45 76 -20
45 77 3
45 78 -8
45 79 -2
45 80 16
45 81 -1
45 82 19
45 83 -5
45 84 9
45 85 3
45 86 17
45 87 11
45 88 -8
45 89 14
45 90 -5
45 91 -11
45 92 -20
45 93 6
45 94 -19
45 95 -6
45 96 14
45 97 2
45 98 20
45 99 -20
46 47 1
46 48 -20
46 49 4
46 50 -1
46 51 -14
46 52 -7
46 53 13
46 54 -5
46 55 6
46 56 11
46 57 -17
46 58 -11
46 59 -3
46 60 -15
46 61 -18
46 62 -6
46 63 13
46 64 6
46 65 3
46 66 9
46 67 -15
46 68 17
46 69 -14
46 70 12
46 71 -12
46 72 20
46 73 5
46 74 -16
46 75 17
46 76 16
46 77 -17
46 78 7
46 79 -12
46 80 -5
46 81 -2
46 82 -4
46 83 0
46 84 5
46 85 0
46 86 0
46 87 8
46 88 -3
46 89 -6
46 90 -16
46 91 -8
46 92 -12
46 93 17
46 94 -14
46 95 -11
46 96 -14
46 97 -10
46 98 8
46 99 9
47 48 0
47 49 6
47 50 -13
47 51 14
47 52 2
47 53 -7
47 54 8
47 55 -1
47 56 9
47 57 -4
47 58 -13
47 59 -15
47 60 -10
47 61 -1
47 62 18
47 63 -18
47 64 -7
47 65 0
47 66 -11
47 67 -15
47 68 -5
47 69 2
47 70 5
47 71 12
47 72 -17
47 73 -1
47 74 -4
47 75 -9
47 76 -19
47 77 5
47 78 8
47 79 15
47 80 15
47 81 -5
47 82 -14
47 83 9
47 84 -14
47 85 -12
47 86 -13
47 87 -20
47 88 -17
47 89 -6
47 90 -12
47 91 -8
47 92 5
47 93 3
47 94 20
47 95 -15
47 96 17
47 97 17
47 98 -4
47 99 -16
48 49 -19
48 50 -16
48 51 -8
48 52 8
48 53 -12
48 54 -15
48 55 1
48 56 -13
48 57 -18
48 58 9
48 59 -17
48 60 -10
48 61 16
48 62 7
48 63 5
48 64 11
48 65 -19
48 66 4
48 67 7
48 68 -9
48 69 2
48 70 -7
48 71 -9
48 72 -3
48 73 -3
48 74 8
48 75 -11
48 76 -18
48 77 19
48 78 19
48 79 19
48 80 -5
48 81 -2
48 82 11
48 83 6
48 84 15
48 85 10
48 86 -17
48 87 -15
48 88 -3
48 89 4
48 90 -12
48 91 6
48 92 -8
48 93 13
48 94 -5
48 95 20
48 96 14
48 97 -19
48 98 4
48 99 2
49 50 10
49 51 14
49 52 11
49 53 2
49 54 16
49 55 12
49 56 0
49 57 4
49 58 -3
49 59 -9
49 60 -19
49 61 0
49 62 18
49 63 -6
49 64 -19
49 65 -3
49 66 -17
49 67 10
49 68 13
49 69 2
49 70 17
49 71 -6
49 72 -10
49 73 -14
49 74 -5
49 75 -5
49 76 -3
49 77 14
49 78 -17
49 79 -6
49 80 16
49 81 4
49 82 2
49 83 -9
49 84 -9
49 85 -5
49 86 17
49 87 0
49 88 2
49 89 17
49 90 -19
49 91 2
49 92 16
49 93 16
49 94 -11
49 95 16
49 96 -8
49 97 11
49 98 14
49 99 -1
50 51 -9
50 52 11
50 53 -18
50 54 -15
50 55 -17
50 56 -6
50 57 18
50 58 -6
50 59 -19
50 60 13
50 61 10
50 62 -20
50 63 1
50 64 19
50 65 -8
50 66 -12
50 67 1
50 68 -9
50 69 0
50 70 -17
50 71 -19
50 72 -11
50 73 17
50 74 -11
50 75 -13
50 76 13
50 77 3
50 78 -16
50 79 3
50 80 5
50 81 17
50 82 -14
50 83 1
50 84 -1
50 85 0
50 86 -12
50 87 -10
50 88 7
50 89 20
50 90 11
50 91 0
50 92 -9
50 93 15
50 94 19
50 95 2
50 96 -6
50 97 17
50 98 -9
50 99 4
51 52 -1
51 53 -2
51 54 -12
51 55 -9
51 56 -20
51 57 16
51 58 5
51 59 16
51 60 -18
51 61 -9
51 62 18
51 63 0
51 64 19
51 65 -6
51 66 20
51 67 16
51 68 -14
51 69 11
51 70 -11
51 71 1
51 72 -16
51 73 -5
51 74 2
51 75 0
51 76 -10
51 77 20
51 78 -15
51 79 20
51 80 1
51 81 8
51 82 -20
51 83 -4
51 84 -7
51 85 -5
51 86 -16
51 87 2
51 88 -4
51 89 -14
51 90 -20
51 91 -17
51 92 4
51 93 8
51 94 6
51 95 -10
51 96 6
51 97 11
51 98 4
51 99 2
52 53 14
52 54 4
52 55 -14
52 56 10
52 57 16
52 58 -6
52 59 -10
52 60 8
52 61 -16
52 62 -18
52 63 -2
52 64 -19
52 65 0
52 66 -4
52 67 -14
52 68 -16
52 69 1
52 70 -10
52 71 4
52 72 -10
52 73 -16
52 74 15
52 75 -15
52 76 1
52 77 18
52 78 19
52 79 10
52 80 -19
52 81 7
52 82 -10
52 83 18
52 84 7
52 85 -10
52 86 -17
52 87 -14
52 88 1
52 89 -7
52 90 -8
52 91 6
52 92 15
52 93 14
52 94 -4
52 95 -2
52 96 -1
52 97 -5
52 98 -14
52 99 -17
53 54 5
53 55 16
53 56 15
53 57 11
53 58 -11
53 59 -17
53 60 3
53 61 -20
53 62 7
53 63 -15
53 64 -2
53 65 20
53 66 18
53 67 10
53 68 -8
53 69 -14
53 70 -19
53 71 -7
53 72 -10
53 73 20
53 74 -2
53 75 -15
53 76 10
53 77 -13
53 78 -1
53 79 5
53 80 10
53 81 11
53 82 -4
53 83 -15
53 84 14
53 85 4
53 86 -9
53 87 3
53 88 4
53 89 3
53 90 -9
53 91 8
53 92 -18
53 93 -4
53 94 8
53 95 9
53 96 -4
53 97 -6
53 98 -3
53 99 16
54 55 -17
54 56 -11
54 57 -14
54 58 -15
54 59 2
54 60 14
54 61 6
54 62 17
54 63 -6
54 64 15
54 65 -17
54 66 4
54 67 13
54 68 6
54 69 14
54 70 10
54 71 16
54 72 -5
54 73 10
54 74 -1
54 75 -15
54 76 5
54 77 -18
54 78 12
54 79 16
54 80 13
54 81 16
54 82 19
54 83 -11
54 84 -13
54 85 8
54 86 -9
54 87 -10
54 88 -7
54 89 -8
54 90 -12
54 91 -18
54 92 7
54 93 -15
54 94 7
54 95 -8
54 96 20
54 97 -11
54 98 18
54 99 -4
55 56 0
55 57 -16
55 58 -15
55 59 4
55 60 15
55 61 5
55 62 15
55 63 0
55 64 -3
55 65 13
55 66 9
55 67 -20
55 68 19
55 69 17
55 70 13
55 71 6
55 72 -13
55 73 6
55 74 -11
55 75 -11
55 76 16
55 77 17
55 78 17
55 79 -14
55 80 -14
55 81 16
55 82 -14
55 83 -2
55 84 14
55 85 2
55 86 6
55 87 -4
55 88 4
55 89 11
55 90 16
55 91 18
55 92 10
55 93 -18
55 94 -9
55 95 -3
55 96 5
55 97 -11
55 98 19
55 99 18
56 57 5
56 58 -18
56 59 5
56 60 1
56 61 -5
56 62 -17
56 63 10
56 64 -3
56 65 3
56 66 -19
56 67 1
56 68 -1
56 69 -1
56 70 -3
56 71 11
56 72 -14
56 73 -6
56 74 -12
56 75 -1
56 76 8
56 77 0
56 78 -3
56 79 6
56 80 18
56 81 -15
56 82 -8
56 83 8
56 84 -7
56 85 6
56 86 11
56 87 13
56 88 3
56 89 -17
56 90 12
56 91 -10
56 92 -16
56 93 -1
56 94 12
56 95 5
56 96 -12
56 97 13
56 98 16
56 99 -19
57 58 -9
57 59 -8
57 60 -8
57 61 -17
57 62 -5
57 63 -18
57 64 9
57 65 -17
57 66 3
57 67 -8
57 68 -3
57 69 3
57 70 9
57 71 12
57 72 5
57 73 20
57 74 -13
57 75 -19
57 76 -5
57 77 3
57 78 11
57 79 18
57 80 8
57 81 -9
57 82 10
57 83 17
57 84 15
57 85 2
57 86 2
57 87 -10
57 88 -4
57 89 -15
57 90 -2
57 91 -19
57 92 4
57 93 -17
57 94 -10
57 95 16
57 96 -7
57 97 -6
57 98 -6
57 99 -7
58 59 -3
58 60 6
58 61 12
58 62 -19
58 63 -20
58 64 10
58 65 -12
58 66 -9
58 67 18
58 68 -20
58 69 -6
58 70 -4
58 71 18
58 72 -1
58 73 -3
58 74 7
58 75 4
58 76 2
58 77 9
58 78 -4
58 79 -7
58 80 9
58 81 -1
58 82 13
58 83 19
58 84 5
58 85 17
58 86 -14
58 87 -20
58 88 12
58 89 3
58 90 15
58 91 18
58 92 18
58 93 -2
58 94 -1
58 95 -14
58 96 10
58 97 -16
58 98 1
58 99 -3
59 60 20
59 61 0
59 62 -3
59 63 -4
59 64 -1
59 65 -8
59 66 -11
59 67 13
59 68 -5
59 69 -17
59 70 18
59 71 5
59 72 0
59 73 -12
59 74 -19
59 75 11
59 76 -2
59 77 -4
59 78 6
59 79 5
59 80 4
59 81 -18
59 82 17
59 83 16
59 84 -8
59 85 1
59 86 -6
59 87 14
59 88 20
59 89 10
59 90 2
59 91 12
59 92 -1
59 93 -10
59 94 15
59 95 -9
59 96 -2
59 97 -14
59 98 10
59 99 -12
60 61 -4
60 62 15
60 63 -9
60 64 1
60 65 -15
60 66 -6
60 67 2
60 68 -6
60 69 -1
60 70 6
60 71 1
60 72 3
60 73 -4
60 74 17
60 75 -2
60 76 9
60 77 -13
60 78 10
60 79 -17
60 80 20
60 81 17
60 82 17
60 83 19
60 84 -16
60 85 10
60 86 -8
60 87 12
60 88 -13
60 89 4
60 90 13
60 91 -1
60 92 6
60 93 -17
60 94 -11
60 95 -12
60 96 -8
60 97 1
60 98 6
60 99 16
61 62 9
61 63 -11
61 64 0
61 65 -9
61 66 -15
61 67 11
61 68 1
61 69 20
61 70 -9
61 71 0
61 72 20
61 73 -17
61 74 -20
61 75 8
61 76 -3
61 77 -7
61 78 -10
61 79 16
61 80 -10
61 81 11
61 82 -15
61 83 -12
61 84 19
61 85 7
61 86 20
61 87 7
61 88 5
61 89 7
61 90 10
61 91 4
61 92 -20
61 93 -18
61 94 14
61 95 -8
61 96 3
61 97 -20
61 98 0
61 99 13
62 63 -8
62 64 -19
62 65 -20
62 66 20
62 67 -5
62 68 -6
62 69 2
62 70 -1
62 71 -12
62 72 -14
62 73 4
62 74 12
62 75 17
62 76 -1
62 77 -10
62 78 -16
62 79 -18
62 80 -1
62 81 -2
62 82 9
62 83 13
62 84 18
62 85 13
62 86 1
62 87 7
62 88 -12
62 89 1
62 90 11
62 91 2
62 92 -8
62 93 -10
62 94 5
62 95 -19
62 96 -6
62 97 -6
62 98 -12
62 99 -7
63 64 -19
63 65 17
63 66 12
63 67 -10
63 68 -13
63 69 3
63 70 -18
63 71 4
63 72 20
63 73 -4
63 74 14
63 75 19
63 76 -17
63 77 18
63 78 -17
63 79 -14
63 80 -19
63 81 -17
63 82 -13
63 83 6
63 84 8
63 85 4
63 86 -13
63 87 15
63 88 -4
63 89 10
63 90 -11
63 91 -7
63 92 20
63 93 -20
63 94 -1
63 95 6
63 96 -14
63 97 13
63 98 -3
63 99 19
64 65 18
64 66 -12
64 67 6
64 68 -14
64 69 12
64 70 19
64 71 -13
64 72 -2
64 73 -13
64 74 -14
64 75 11
64 76 -8
64 77 18
64 78 -8
64 79 -4
64 80 13
64 81 -8
64 82 2
64 83 6
64 84 -2
64 85 -10
64 86 -18
64 87 15
64 88 11
64 89 -7
64 90 10
64 91 1
64 92 -5
64 93 -20
64 94 -20
64 95 -15
64 96 -13
64 97 16
64 98 11
64 99 -11
65 66 -15
65 67 12
65 68 -16
65 69 -14
65 70 -4
65 71 -6
65 72 9
65 73 -2
65 74 -4
65 75 9
65 76 -17
65 77 -14
65 78 -9
65 79 -18
65 80 -2
65 81 3
65 82 0
65 83 7
65 84 -13
65 85 -14
65 86 -18
65 87 -20
65 88 -12
65 89 -10
65 90 1
65 91 2
65 92 8
65 93 19
65 94 -3
65 95 -15
65 96 3
65 97 1
65 98 -9
65 99 -13
66 67 5
66 68 5
66 69 9
66 70 -3
66 71 4
66 72 10
66 73 6
66 74 -10
66 75 -13
66 76 -12
66 77 -17
66 78 -10
66 79 -14
66 80 6
66 81 17
66 82 10
66 83 16
66 84 8
66 85 -9
66 86 19
66 87 4
66 88 2
66 89 19
66 90 -19
66 91 -12
66 92 10
66 93 11
66 94 -13
66 95 6
66 96 8
66 97 -18
66 98 -16
66 99 -4
67 68 0
67 69 -20
67 70 13
67 71 16
67 72 16
67 73 -6
67 74 1
67 75 13
67 76 13
67 77 19
67 78 -14
67 79 7
67 80 -5
67 81 10
67 82 2
67 83 4
67 84 -11
67 85 15
67 86 19
67 87 -17
67 88 -20
67 89 -10
67 90 12
67 91 10
67 92 11
67 93 -10
67 94 -16
67 95 11
67 96 0
67 97 -5
67 98 1
67 99 -3
68 69 -17
68 70 12
68 71 -6
68 72 15
68 73 4
68 74 5
68 75 -5
68 76 -15
68 77 9
68 78 8
68 79 16
68 80 8
68 81 -15
68 82 11
68 83 8
68 84 0
68 85 -13
68 86 11
68 87 -19
68 88 -14
68 89 5
68 90 6
68 91 -18
68 92 15
68 93 15
68 94 -20
68 95 -15
68 96 18
68 97 19
68 98 20
68 99 -1
69 70 12
69 71 15
69 72 -7
69 73 9
69 74 1
69 75 3
69 76 -17
69 77 -6
69 78 9
69 79 1
69 80 15
69 81 19
69 82 18
69 83 10
69 84 3
69 85 8
69 86 -13
69 87 -14
69 88 -6
69 89 -20
69 90 1
69 91 2
69 92 20
69 93 -2
69 94 15
69 95 13
69 96 3
69 97 -14
69 98 -18
69 99 -10
70 71 11
70 72 -12
70 73 6
70 74 -14
70 75 -4
70 76 19
70 77 -8
70 78 -8
70 79 -13
70 80 5
70 81 -7
70 82 9
70 83 -8
70 84 1
70 85 -14
70 86 6
70 87 -18
70 88 20
70 89 17
70 90 -13
70 91 8
70 92 9
70 93 17
70 94 12
70 95 -12
70 96 11
70 97 -20
70 98 13
70 99 -17
71 72 15
71 73 7
71 74 17
71 75 10
71 76 12
71 77 -9
71 78 17
71 79 -9
71 80 -12
71 81 -14
71 82 4
71 83 18
71 84 18
71 85 0
71 86 12
71 87 4
71 88 6
71 89 18
71 90 -5
71 91 -3
71 92 5
71 93 1
71 94 -2
71 95 8
71 96 -12
71 97 -12
71 98 6
71 99 18
72 73 12
72 74 -1
72 75 15
72 76 0
72 77 15
72 78 20
72 79 -7
72 80 -8
72 81 -7
72 82 19
72 83 -2
72 84 2
72 85 -12
72 86 -9
72 87 12
72 88 14
72 89 20
72 90 0
72 91 -13
72 92 2
72 93 15
72 94 10
72 95 17
72 96 16
72 97 6
72 98 14
72 99 -2
73 74 7
73 75 -20
73 76 13
73 77 -14
73 78 -19
73 79 4
73 80 -11
73 81 -17
73 82 -17
73 83 -8
73 84 -3
73 85 -10
73 86 -2
73 87 -4
73 88 -11
73 89 -17
73 90 -2
73 91 -7
73 92 14
73 93 -18
73 94 2
73 95 8
73 96 -14
73 97 19
73 98 15
73 99 -6
74 75 15
74 76 4
74 77 -5
74 78 12
74 79 -2
74 80 -17
74 81 4
74 82 4
74 83 6
74 84 0
74 85 15
74 86 -17
74 87 -20
74 88 -4
74 89 -8
74 90 19
74 91 8
74 92 -6
74 93 20
74 94 3
74 95 17
74 96 14
74 97 18
74 98 -8
74 99 -8
75 76 -2
75 77 8
75 78 -9
75 79 -16
75 80 -9
75 81 -9
75 82 12
75 83 -13
75 84 4
75 85 -18
75 86 7
75 87 -3
75 88 15
75 89 -4
75 90 -12
75 91 -10
75 92 17
75 93 -4
75 94 -20
75 95 1
75 96 9
75 97 -11
75 98 -18
75 99 -11
76 77 0
76 78 18
76 79 -17
76 80 20
76 81 19
76 82 -1
76 83 11
76 84 16
76 85 15
76 86 2
76 87 -16
76 88 0
76 89 13
76 90 -6
76 91 -9
76 92 13
76 93 -16
76 94 12
76 95 -10
76 96 6
76 97 14
76 98 14
76 99 5
77 78 -15
77 79 2
77 80 -6
77 81 -7
77 82 1
77 83 1
77 84 3
77 85 -2
77 86 -7
77 87 19
77 88 13
77 89 10
77 90 15
77 91 -20
77 92 -13
77 93 2
77 94 8
77 95 -5
77 96 19
77 97 19
77 98 -5
77 99 -18
78 79 0
78 80 4
78 81 -13
78 82 4
78 83 -4
78 84 14
78 85 -2
78 86 -19
78 87 13
78 88 3
78 89 12
78 90 12
78 91 8
78 92 11
78 93 -18
78 94 -2
78 95 -8
78 96 0
78 97 12
78 98 -15
78 99 -14
79 80 -10
79 81 14
79 82 14
79 83 -20
79 84 20
79 85 -16
79 86 -7
79 87 20
79 88 -7
79 89 7
79 90 -14
79 91 -7
79 92 14
79 93 7
79 94 -16
79 95 -11
79 96 -19
79 97 9
79 98 1
79 99 -18
80 81 -15
80 82 -16
80 83 -17
80 84 -9
80 85 -4
80 86 15
80 87 -16
80 88 16
80 89 -6
80 90 -4
80 91 6
80 92 4
80 93 8
80 94 20
80 95 5
80 96 7
80 97 0
80 98 -19
80 99 4
81 82 -13
81 83 14
81 84 -20
81 85 19
81 86 -16
81 87 17
81 88 -18
81 89 -16
81 90 2
81 91 12
81 92 -14
81 93 -2
81 94 -1
81 95 18
81 96 -15
81 97 -2
81 98 8
81 99 4
82 83 5
82 84 -19
82 85 10
82 86 -10
82 87 14
82 88 -6
82 89 -12
82 90 5
82 91 14
82 92 -2
82 93 20
82 94 -11
82 95 -1
82 96 3
82 97 -20
82 98 15
82 99 15
83 84 -11
83 85 -13
83 86 -18
83 87 -20
83 88 16
83 89 18
83 90 5
83 91 14
83 92 15
83 93 -15
83 94 -1
83 95 -7
83 96 2
83 97 -7
83 98 6
83 99 12
84 85 -11
84 86 -10
84 87 -9
84 88 -6
84 89 19
84 90 -4
84 91 -8
84 92 -13
84 93 -9
84 94 16
84 95 -17
84 96 15
84 97 9
84 98 15
84 99 -16
85 86 -2
85 87 -16
85 88 -4
85 89 -14
85 90 -8
85 91 17
85 92 11
85 93 1
85 94 2
85 95 -12
85 96 -5
85 97 -14
85 98 -2
85 99 19
86 87 -16
86 88 -8
86 89 0
86 90 11
86 91 8
86 92 1
86 93 19
86 94 -1
86 95 17
86 96 -11
86 97 16
86 98 16
86 99 3
87 88 0
87 89 7
87 90 -10
87 91 -20
87 92 0
87 93 -5
87 94 -6
87 95 7
87 96 -3
87 97 3
87 98 -12
87 99 1
88 89 10
88 90 9
88 91 8
88 92 2
88 93 -1
88 94 11
88 95 15
88 96 -14
88 97 -9
88 98 18
88 99 -15
89 90 -3
89 91 -12
89 92 14
89 93 -8
89 94 -4
89 95 20
89 96 -16
89 97 -16
89 98 -19
89 99 12
90 91 20
90 92 -19
90 93 17
90 94 17
90 95 5
90 96 17
90 97 -7
90 98 -18
90 99 15
91 92 -4
91 93 14
91 94 14
91 95 10
91 96 -11
91 97 3
91 98 5
91 99 -6
92 93 17
92 94 -2
92 95 -12
92 96 9
92 97 12
92 98 12
92 99 -15
93 94 5
93 95 3
93 96 12
93 97 -20
93 98 -5
93 99 19
94 95 -10
94 96 12
94 97 -12
94 98 8
94 99 -10
95 96 -9
95 97 16
95 98 16
95 99 -11
96 97 10
96 98 2
96 99 -18
97 98 -6
97 99 11
98 99 -6
