CAPACITED
1 2 30
1 3 23
1 4 2
1 5 5
1 6 25
1 7 30
1 8 12
1 9 25
1 10 1
1 11 23
1 12 1
1 13 20
1 14 2
1 15 30
1 16 11
1 17 10
1 18 23
1 19 28
1 20 30
1 21 24
1 22 10
1 23 10
1 24 11
1 25 9
1 26 11
1 27 10
1 28 9
1 29 3
1 30 25
1 31 17
1 32 23
1 33 22
1 34 9
1 35 23
1 36 27
1 37 4
1 38 22
1 39 6
1 40 27
1 41 24
1 42 29
1 43 28
1 44 11
1 45 29
1 46 25
1 47 20
1 48 9
1 49 17
1 50 15
1 51 6
1 52 10
1 53 24
1 54 17
1 55 19
1 56 2
1 57 26
1 58 29
1 59 11
1 60 29
1 61 23
1 62 27
1 63 21
1 64 12
1 65 3
1 66 11
1 67 8
1 68 7
1 69 14
1 70 3
1 71 22
1 72 10
1 73 29
1 74 3
1 75 9
1 76 23
1 77 23
1 78 16
1 79 9
1 80 6
1 81 22
1 82 19
1 83 30
1 84 8
1 85 7
1 86 30
1 87 3
1 88 6
1 89 8
1 90 30
1 91 27
1 92 4
1 93 18
1 94 9
1 95 8
1 96 29
1 97 15
1 98 13
1 99 30
1 100 30
2 3 15
2 4 21
2 5 7
2 6 13
2 7 22
2 8 14
2 9 6
2 10 13
2 11 30
2 12 15
2 13 19
2 14 20
2 15 2
2 16 18
2 17 26
2 18 9
2 19 15
2 20 30
2 21 13
2 22 23
2 23 27
2 24 8
2 25 28
2 26 15
2 27 17
2 28 3
2 29 13
2 30 1
2 31 16
2 32 10
2 33 29
2 34 1
2 35 4
2 36 14
2 37 21
2 38 18
2 39 18
2 40 3
2 41 18
2 42 2
2 43 22
2 44 5
2 45 4
2 46 7
2 47 12
2 48 22
2 49 28
2 50 23
2 51 15
2 52 25
2 53 10
2 54 9
2 55 17
2 56 13
2 57 22
2 58 17
2 59 27
2 60 13
2 61 28
2 62 30
2 63 17
2 64 9
2 65 20
2 66 5
2 67 27
2 68 24
2 69 21
2 70 27
2 71 13
2 72 26
2 73 30
2 74 19
2 75 26
2 76 11
2 77 8
2 78 24
2 79 1
2 80 23
2 81 16
2 82 2
2 83 25
2 84 19
2 85 11
2 86 14
2 87 3
2 88 8
2 89 14
2 90 17
2 91 3
2 92 13
2 93 3
2 94 10
2 95 3
2 96 6
2 97 4
2 98 25
2 99 27
2 100 29
3 4 5
3 5 20
3 6 28
3 7 24
3 8 16
3 9 6
3 10 2
3 11 7
3 12 8
3 13 23
3 14 23
3 15 10
3 16 24
3 17 15
3 18 27
3 19 2
3 20 29
3 21 8
3 22 13
3 23 15
3 24 11
3 25 24
3 26 18
3 27 19
3 28 25
3 29 25
3 30 23
3 31 19
3 32 19
3 33 22
3 34 25
3 35 9
3 36 17
3 37 16
3 38 23
3 39 24
3 40 18
3 41 28
3 42 30
3 43 11
3 44 18
3 45 9
3 46 2
3 47 2
3 48 3
3 49 2
3 50 29
3 51 3
3 52 11
3 53 9
3 54 16
3 55 20
3 56 3
3 57 4
3 58 9
3 59 26
3 60 27
3 61 30
3 62 15
3 63 13
3 64 19
3 65 7
3 66 22
3 67 4
3 68 23
3 69 12
3 70 28
3 71 9
3 72 7
3 73 25
3 74 18
3 75 25
3 76 3
3 77 20
3 78 25
3 79 4
3 80 20
3 81 24
3 82 8
3 83 24
3 84 21
3 85 1
3 86 26
3 87 28
3 88 28
3 89 20
3 90 25
3 91 12
3 92 3
3 93 12
3 94 17
3 95 23
3 96 16
3 97 9
3 98 3
3 99 11
3 100 16
4 3 3
4 5 10
4 6 5
4 7 3
4 8 3
4 9 6
4 10 21
4 11 28
4 12 10
4 13 11
4 14 19
4 15 16
4 16 11
4 17 18
4 18 8
4 19 30
4 20 19
4 21 1
4 22 25
4 23 16
4 24 22
4 25 18
4 26 26
4 27 23
4 28 30
4 29 12
4 30 13
4 31 13
4 32 20
4 33 16
4 34 22
4 35 5
4 36 27
4 37 25
4 38 9
4 39 28
4 40 30
4 41 23
4 42 8
4 43 8
4 44 10
4 45 23
4 46 20
4 47 28
4 48 17
4 49 16
4 50 30
4 51 10
4 52 2
4 53 21
4 54 28
4 55 28
4 56 11
4 57 25
4 58 8
4 59 25
4 60 5
4 61 28
4 62 10
4 63 27
4 64 2
4 65 4
4 66 21
4 67 9
4 68 1
4 69 19
4 70 7
4 71 23
4 72 25
4 73 15
4 74 2
4 75 17
4 76 2
4 77 30
4 78 15
4 79 18
4 80 13
4 81 15
4 82 28
4 83 15
4 84 3
4 85 23
4 86 11
4 87 15
4 88 17
4 89 19
4 90 9
4 91 22
4 92 14
4 93 17
4 94 16
4 95 14
4 96 22
4 97 6
4 98 24
4 99 21
4 100 23
5 6 29
5 7 13
5 8 17
5 9 13
5 10 13
5 11 4
5 12 14
5 13 12
5 14 19
5 15 1
5 16 26
5 17 1
5 18 27
5 19 8
5 20 5
5 21 19
5 22 17
5 23 20
5 24 3
5 25 3
5 26 29
5 27 23
5 28 17
5 29 13
5 30 8
5 31 1
5 32 4
5 33 12
5 34 23
5 35 24
5 36 4
5 37 21
5 38 4
5 39 19
5 40 1
5 41 18
5 42 21
5 43 15
5 44 28
5 45 10
5 46 14
5 47 21
5 48 11
5 49 10
5 50 28
5 51 14
5 52 27
5 53 14
5 54 3
5 55 28
5 56 18
5 57 30
5 58 20
5 59 2
5 60 13
5 61 26
5 62 3
5 63 15
5 64 5
5 65 26
5 66 8
5 67 7
5 68 16
5 69 11
5 70 27
5 71 18
5 72 27
5 73 17
5 74 22
5 75 25
5 76 13
5 77 13
5 78 4
5 79 21
5 80 8
5 81 18
5 82 18
5 83 20
5 84 20
5 85 13
5 86 5
5 87 19
5 88 1
5 89 8
5 90 1
5 91 25
5 92 11
5 93 17
5 94 5
5 95 23
5 96 7
5 97 21
5 98 1
5 99 1
5 100 6
6 7 28
6 8 17
6 9 5
6 10 20
6 11 9
6 12 18
6 13 13
6 14 8
6 15 6
6 16 30
6 17 24
6 18 26
6 19 19
6 20 7
6 21 30
6 22 7
6 23 8
6 24 7
6 25 7
6 26 2
6 27 16
6 28 22
6 29 21
6 30 14
6 31 6
6 32 10
6 33 16
6 34 5
6 35 16
6 36 11
6 37 22
6 38 21
6 39 29
6 40 1
6 41 6
6 42 29
6 43 12
6 44 15
6 45 2
6 46 11
6 47 8
6 48 27
6 49 28
6 50 13
6 51 26
6 52 3
6 53 19
6 54 2
6 55 10
6 56 22
6 57 18
6 58 1
6 59 20
6 60 7
6 61 13
6 62 26
6 63 17
6 64 27
6 65 1
6 66 2
6 67 8
6 68 21
6 69 22
6 70 6
6 71 20
6 72 28
6 73 3
6 74 2
6 75 10
6 76 5
6 77 11
6 78 17
6 79 1
6 80 7
6 81 30
6 82 25
6 83 10
6 84 17
6 85 27
6 86 20
6 87 6
6 88 13
6 89 19
6 90 26
6 91 20
6 92 1
6 93 20
6 94 6
6 95 29
6 96 21
6 97 6
6 98 6
6 99 9
6 100 26
7 8 10
7 9 30
7 10 22
7 11 13
7 12 30
7 13 1
7 14 17
7 15 10
7 16 16
7 17 16
7 18 15
7 19 14
7 20 11
7 21 25
7 22 5
7 23 12
7 24 6
7 25 18
7 26 1
7 27 5
7 28 19
7 29 9
7 30 29
7 31 9
7 32 16
7 33 2
7 34 19
7 35 9
7 36 12
7 37 16
7 38 24
7 39 15
7 40 8
7 41 23
7 42 14
7 43 22
7 44 8
7 45 28
7 46 2
7 47 2
7 48 26
7 49 6
7 50 13
7 51 1
7 52 22
7 53 13
7 54 1
7 55 28
7 56 13
7 57 20
7 58 6
7 59 9
7 60 28
7 61 20
7 62 11
7 63 14
7 64 28
7 65 22
7 66 30
7 67 28
7 68 13
7 69 12
7 70 26
7 71 19
7 72 4
7 73 10
7 74 10
7 75 12
7 76 7
7 77 11
7 78 13
7 79 1
7 80 17
7 81 26
7 82 2
7 83 8
7 84 6
7 85 1
7 86 3
7 87 18
7 88 20
7 89 8
7 90 27
7 91 17
7 92 26
7 93 6
7 94 29
7 95 23
7 96 26
7 97 26
7 98 21
7 99 6
7 100 7
8 9 14
8 10 25
8 11 11
8 12 24
8 13 4
8 14 22
8 15 30
8 16 13
8 17 2
8 18 28
8 19 26
8 20 4
8 21 1
8 22 7
8 23 17
8 24 20
8 25 13
8 26 12
8 27 4
8 28 9
8 29 16
8 30 1
8 31 11
8 32 26
8 33 20
8 34 17
8 35 2
8 36 4
8 37 11
8 38 11
8 39 26
8 40 13
8 41 23
8 42 25
8 43 2
8 44 23
8 45 22
8 46 28
8 47 22
8 48 24
8 49 28
8 50 22
8 51 1
8 52 12
8 53 9
8 54 12
8 55 24
8 56 11
8 57 21
8 58 9
8 59 11
8 60 23
8 61 20
8 62 4
8 63 10
8 64 4
8 65 6
8 66 12
8 67 13
8 68 15
8 69 8
8 70 25
8 71 16
8 72 17
8 73 16
8 74 22
8 75 8
8 76 14
8 77 11
8 78 9
8 79 1
8 80 21
8 81 9
8 82 11
8 83 15
8 84 18
8 85 2
8 86 22
8 87 27
8 88 23
8 89 10
8 90 2
8 91 14
8 92 4
8 93 15
8 94 26
8 95 19
8 96 21
8 97 20
8 98 2
8 99 21
8 100 6
9 10 19
9 11 10
9 12 12
9 13 21
9 14 12
9 15 9
9 16 21
9 17 11
9 18 28
9 19 28
9 20 23
9 21 12
9 22 15
9 23 25
9 24 2
9 25 9
9 26 15
9 27 12
9 28 9
9 29 17
9 30 26
9 31 11
9 32 30
9 33 21
9 34 29
9 35 20
9 36 8
9 37 9
9 38 12
9 39 17
9 40 19
9 41 25
9 42 17
9 43 8
9 44 4
9 45 24
9 46 29
9 47 16
9 48 22
9 49 25
9 50 6
9 51 1
9 52 7
9 53 29
9 54 3
9 55 17
9 56 13
9 57 15
9 58 24
9 59 28
9 60 9
9 61 5
9 62 26
9 63 28
9 64 3
9 65 15
9 66 4
9 67 1
9 68 22
9 69 16
9 70 17
9 71 9
9 72 8
9 73 1
9 74 17
9 75 13
9 76 26
9 77 13
9 78 27
9 79 15
9 80 7
9 81 16
9 82 13
9 83 29
9 84 18
9 85 30
9 86 9
9 87 23
9 88 4
9 89 9
9 90 26
9 91 30
9 92 5
9 93 27
9 94 13
9 95 9
9 96 27
9 97 4
9 98 23
9 99 13
9 100 11
10 11 1
10 12 14
10 13 26
10 14 12
10 15 7
10 16 9
10 17 6
10 18 22
10 19 14
10 20 6
10 21 6
10 22 27
10 23 2
10 24 24
10 25 24
10 26 9
10 27 22
10 28 17
10 29 13
10 30 30
10 31 10
10 32 11
10 33 4
10 34 7
10 35 24
10 36 11
10 37 3
10 38 26
10 39 3
10 40 14
10 41 7
10 42 2
10 43 28
10 44 2
10 45 12
10 46 3
10 47 9
10 48 18
10 49 25
10 50 24
10 51 22
10 52 29
10 53 18
10 54 24
10 55 20
10 56 12
10 57 12
10 58 27
10 59 14
10 60 11
10 61 6
10 62 25
10 63 13
10 64 11
10 65 16
10 66 22
10 67 12
10 68 11
10 69 23
10 70 26
10 71 16
10 72 26
10 73 22
10 74 19
10 75 7
10 76 25
10 77 26
10 78 24
10 79 17
10 80 19
10 81 15
10 82 16
10 83 5
10 84 7
10 85 3
10 86 17
10 87 7
10 88 15
10 89 13
10 90 19
10 91 24
10 92 17
10 93 11
10 94 4
10 95 29
10 96 27
10 97 26
10 98 10
10 99 6
10 100 19
11 12 6
11 13 22
11 14 12
11 15 28
11 16 8
11 17 17
11 18 20
11 19 4
11 20 10
11 21 4
11 22 21
11 23 24
11 24 20
11 25 24
11 26 24
11 27 10
11 28 5
11 29 6
11 30 21
11 31 25
11 32 8
11 33 3
11 34 2
11 35 6
11 36 29
11 37 16
11 38 4
11 39 15
11 40 20
11 41 26
11 42 27
11 43 15
11 44 2
11 45 11
11 46 2
11 47 4
11 48 20
11 49 7
11 50 23
11 51 13
11 52 27
11 53 17
11 54 13
11 55 18
11 56 25
11 57 16
11 58 23
11 59 16
11 60 10
11 61 21
11 62 24
11 63 12
11 64 23
11 65 28
11 66 12
11 67 21
11 68 11
11 69 14
11 70 3
11 71 1
11 72 9
11 73 30
11 74 14
11 75 9
11 76 9
11 77 17
11 78 11
11 79 29
11 80 24
11 81 4
11 82 11
11 83 18
11 84 19
11 85 22
11 86 4
11 87 13
11 88 7
11 89 27
11 90 27
11 91 16
11 92 17
11 93 18
11 94 28
11 95 7
11 96 13
11 97 7
11 98 29
11 99 25
11 100 21
12 13 30
12 14 24
12 15 28
12 16 30
12 17 7
12 18 5
12 19 6
12 20 24
12 21 16
12 22 4
12 23 17
12 24 18
12 25 15
12 26 3
12 27 6
12 28 4
12 29 7
12 30 18
12 31 9
12 32 3
12 33 12
12 34 25
12 35 18
12 36 20
12 37 25
12 38 13
12 39 25
12 40 21
12 41 5
12 42 15
12 43 21
12 44 29
12 45 11
12 46 18
12 47 6
12 48 16
12 49 24
12 50 30
12 51 1
12 52 28
12 53 15
12 54 20
12 55 10
12 56 18
12 57 24
12 58 12
12 59 25
12 60 9
12 61 21
12 62 26
12 63 22
12 64 14
12 65 13
12 66 20
12 67 1
12 68 5
12 69 2
12 70 27
12 71 27
12 72 8
12 73 9
12 74 17
12 75 6
12 76 20
12 77 4
12 78 10
12 79 3
12 80 26
12 81 10
12 82 5
12 83 21
12 84 23
12 85 23
12 86 29
12 87 10
12 88 14
12 89 10
12 90 2
12 91 24
12 92 29
12 93 28
12 94 13
12 95 12
12 96 8
12 97 2
12 98 12
12 99 13
12 100 4
13 14 8
13 15 7
13 16 10
13 17 17
13 18 24
13 19 15
13 20 5
13 21 26
13 22 25
13 23 8
13 24 19
13 25 2
13 26 11
13 27 9
13 28 23
13 29 1
13 30 7
13 31 14
13 32 15
13 33 2
13 34 7
13 35 14
13 36 28
13 37 18
13 38 24
13 39 3
13 40 20
13 41 5
13 42 17
13 43 22
13 44 13
13 45 24
13 46 29
13 47 16
13 48 15
13 49 1
13 50 9
13 51 7
13 52 7
13 53 29
13 54 10
13 55 17
13 56 7
13 57 18
13 58 13
13 59 1
13 60 1
13 61 28
13 62 3
13 63 6
13 64 11
13 65 30
13 66 24
13 67 5
13 68 2
13 69 11
13 70 8
13 71 17
13 72 3
13 73 22
13 74 11
13 75 3
13 76 18
13 77 25
13 78 16
13 79 17
13 80 3
13 81 23
13 82 24
13 83 1
13 84 10
13 85 7
13 86 1
13 87 29
13 88 20
13 89 28
13 90 17
13 91 3
13 92 2
13 93 27
13 94 2
13 95 24
13 96 30
13 97 3
13 98 5
13 99 7
13 100 20
14 15 6
14 16 29
14 17 7
14 18 14
14 19 23
14 20 21
14 21 27
14 22 11
14 23 25
14 24 28
14 25 10
14 26 2
14 27 4
14 28 9
14 29 22
14 30 9
14 31 27
14 32 9
14 33 12
14 34 27
14 35 5
14 36 13
14 37 20
14 38 4
14 39 16
14 40 23
14 41 11
14 42 3
14 43 27
14 44 8
14 45 2
14 46 3
14 47 20
14 48 25
14 49 22
14 50 21
14 51 21
14 52 3
14 53 13
14 54 17
14 55 13
14 56 15
14 57 19
14 58 22
14 59 14
14 60 9
14 61 8
14 62 18
14 63 10
14 64 4
14 65 21
14 66 21
14 67 24
14 68 23
14 69 4
14 70 15
14 71 1
14 72 8
14 73 11
14 74 9
14 75 10
14 76 13
14 77 30
14 78 4
14 79 4
14 80 18
14 81 24
14 82 7
14 83 8
14 84 20
14 85 13
14 86 25
14 87 9
14 88 27
14 89 3
14 90 9
14 91 4
14 92 19
14 93 20
14 94 8
14 95 9
14 96 10
14 97 30
14 98 15
14 99 15
14 100 1
15 16 21
15 17 26
15 18 8
15 19 6
15 20 5
15 21 2
15 22 11
15 23 23
15 24 24
15 25 18
15 26 21
15 27 1
15 28 6
15 29 4
15 30 25
15 31 15
15 32 28
15 33 23
15 34 3
15 35 17
15 36 12
15 37 9
15 38 24
15 39 20
15 40 9
15 41 24
15 42 2
15 43 22
15 44 23
15 45 21
15 46 16
15 47 21
15 48 22
15 49 6
15 50 22
15 51 2
15 52 29
15 53 15
15 54 21
15 55 18
15 56 17
15 57 25
15 58 22
15 59 9
15 60 9
15 61 20
15 62 6
15 63 30
15 64 21
15 65 21
15 66 9
15 67 13
15 68 28
15 69 9
15 70 4
15 71 30
15 72 30
15 73 27
15 74 21
15 75 15
15 76 27
15 77 9
15 78 6
15 79 2
15 80 9
15 81 30
15 82 16
15 83 28
15 84 17
15 85 22
15 86 6
15 87 9
15 88 29
15 89 24
15 90 13
15 91 29
15 92 15
15 93 2
15 94 7
15 95 15
15 96 15
15 97 4
15 98 22
15 99 19
15 100 2
16 17 21
16 18 15
16 19 21
16 20 3
16 21 11
16 22 28
16 23 10
16 24 12
16 25 27
16 26 19
16 27 11
16 28 10
16 29 16
16 30 26
16 31 10
16 32 5
16 33 30
16 34 17
16 35 1
16 36 23
16 37 28
16 38 30
16 39 7
16 40 30
16 41 5
16 42 20
16 43 12
16 44 7
16 45 10
16 46 7
16 47 29
16 48 13
16 49 26
16 50 2
16 51 25
16 52 24
16 53 10
16 54 4
16 55 20
16 56 29
16 57 13
16 58 30
16 59 12
16 60 8
16 61 7
16 62 15
16 63 7
16 64 22
16 65 16
16 66 30
16 67 17
16 68 14
16 69 5
16 70 17
16 71 19
16 72 23
16 73 29
16 74 24
16 75 28
16 76 1
16 77 28
16 78 10
16 79 27
16 80 28
16 81 2
16 82 18
16 83 7
16 84 4
16 85 5
16 86 5
16 87 17
16 88 4
16 89 15
16 90 25
16 91 9
16 92 30
16 93 30
16 94 29
16 95 15
16 96 30
16 97 16
16 98 29
16 99 2
16 100 2
17 18 15
17 19 23
17 20 29
17 21 9
17 22 24
17 23 24
17 24 8
17 25 21
17 26 2
17 27 2
17 28 18
17 29 2
17 30 19
17 31 23
17 32 7
17 33 24
17 34 28
17 35 24
17 36 27
17 37 10
17 38 19
17 39 5
17 40 9
17 41 18
17 42 4
17 43 22
17 44 15
17 45 18
17 46 21
17 47 15
17 48 18
17 49 3
17 50 8
17 51 16
17 52 12
17 53 30
17 54 8
17 55 18
17 56 18
17 57 10
17 58 19
17 59 5
17 60 12
17 61 7
17 62 26
17 63 19
17 64 21
17 65 11
17 66 27
17 67 30
17 68 9
17 69 15
17 70 2
17 71 29
17 72 20
17 73 19
17 74 13
17 75 7
17 76 23
17 77 19
17 78 21
17 79 2
17 80 18
17 81 27
17 82 19
17 83 5
17 84 6
17 85 7
17 86 8
17 87 17
17 88 14
17 89 3
17 90 3
17 91 12
17 92 24
17 93 14
17 94 9
17 95 24
17 96 11
17 97 7
17 98 25
17 99 9
17 100 30
18 19 23
18 20 27
18 21 16
18 22 5
18 23 1
18 24 8
18 25 23
18 26 20
18 27 9
18 28 10
18 29 17
18 30 28
18 31 16
18 32 21
18 33 4
18 34 24
18 35 7
18 36 16
18 37 28
18 38 9
18 39 28
18 40 19
18 41 23
18 42 4
18 43 13
18 44 4
18 45 9
18 46 11
18 47 29
18 48 16
18 49 10
18 50 19
18 51 12
18 52 27
18 53 22
18 54 11
18 55 2
18 56 14
18 57 1
18 58 11
18 59 25
18 60 18
18 61 8
18 62 10
18 63 8
18 64 10
18 65 1
18 66 14
18 67 24
18 68 27
18 69 23
18 70 20
18 71 16
18 72 13
18 73 24
18 74 27
18 75 15
18 76 1
18 77 7
18 78 11
18 79 17
18 80 16
18 81 30
18 82 30
18 83 12
18 84 22
18 85 8
18 86 14
18 87 3
18 88 9
18 89 24
18 90 28
18 91 25
18 92 30
18 93 5
18 94 3
18 95 8
18 96 5
18 97 15
18 98 1
18 99 1
18 100 5
19 20 21
19 21 15
19 22 18
19 23 13
19 24 11
19 25 3
19 26 14
19 27 17
19 28 14
19 29 2
19 30 12
19 31 28
19 32 12
19 33 1
19 34 6
19 35 24
19 36 4
19 37 13
19 38 15
19 39 2
19 40 8
19 41 15
19 42 5
19 43 9
19 44 23
19 45 10
19 46 24
19 47 22
19 48 10
19 49 29
19 50 13
19 51 25
19 52 16
19 53 24
19 54 4
19 55 17
19 56 7
19 57 19
19 58 30
19 59 7
19 60 21
19 61 11
19 62 3
19 63 12
19 64 7
19 65 22
19 66 14
19 67 20
19 68 7
19 69 16
19 70 28
19 71 22
19 72 20
19 73 6
19 74 12
19 75 30
19 76 28
19 77 3
19 78 9
19 79 26
19 80 14
19 81 4
19 82 10
19 83 7
19 84 6
19 85 25
19 86 14
19 87 25
19 88 24
19 89 20
19 90 13
19 91 2
19 92 21
19 93 13
19 94 12
19 95 28
19 96 4
19 97 27
19 98 17
19 99 9
19 100 12
20 21 13
20 22 1
20 23 17
20 24 10
20 25 30
20 26 15
20 27 14
20 28 8
20 29 8
20 30 26
20 31 10
20 32 16
20 33 3
20 34 16
20 35 11
20 36 15
20 37 10
20 38 2
20 39 2
20 40 21
20 41 5
20 42 23
20 43 3
20 44 17
20 45 20
20 46 6
20 47 13
20 48 5
20 49 15
20 50 24
20 51 16
20 52 14
20 53 23
20 54 2
20 55 24
20 56 22
20 57 17
20 58 5
20 59 24
20 60 1
20 61 8
20 62 9
20 63 2
20 64 25
20 65 18
20 66 17
20 67 2
20 68 21
20 69 18
20 70 24
20 71 24
20 72 10
20 73 25
20 74 10
20 75 29
20 76 22
20 77 1
20 78 14
20 79 15
20 80 17
20 81 28
20 82 7
20 83 19
20 84 19
20 85 30
20 86 4
20 87 25
20 88 28
20 89 26
20 90 24
20 91 5
20 92 4
20 93 26
20 94 28
20 95 21
20 96 10
20 97 9
20 98 26
20 99 24
20 100 2
21 22 6
21 23 18
21 24 12
21 25 2
21 26 17
21 27 3
21 28 3
21 29 29
21 30 16
21 31 18
21 32 24
21 33 24
21 34 4
21 35 12
21 36 21
21 37 8
21 38 4
21 39 16
21 40 3
21 41 26
21 42 21
21 43 6
21 44 19
21 45 19
21 46 25
21 47 30
21 48 19
21 49 3
21 50 23
21 51 10
21 52 5
21 53 27
21 54 26
21 55 15
21 56 29
21 57 12
21 58 17
21 59 30
21 60 8
21 61 2
21 62 17
21 63 1
21 64 24
21 65 20
21 66 14
21 67 14
21 68 26
21 69 16
21 70 30
21 71 28
21 72 12
21 73 19
21 74 1
21 75 7
21 76 26
21 77 28
21 78 24
21 79 29
21 80 21
21 81 1
21 82 3
21 83 17
21 84 27
21 85 16
21 86 16
21 87 7
21 88 2
21 89 13
21 90 15
21 91 5
21 92 29
21 93 17
21 94 29
21 95 18
21 96 29
21 97 11
21 98 13
21 99 14
21 100 10
22 23 10
22 24 26
22 25 27
22 26 11
22 27 27
22 28 3
22 29 4
22 30 22
22 31 25
22 32 2
22 33 12
22 34 26
22 35 3
22 36 30
22 37 23
22 38 20
22 39 13
22 40 28
22 41 22
22 42 26
22 43 12
22 44 27
22 45 22
22 46 27
22 47 24
22 48 9
22 49 25
22 50 4
22 51 21
22 52 7
22 53 12
22 54 29
22 55 9
22 56 8
22 57 25
22 58 10
22 59 12
22 60 17
22 61 5
22 62 13
22 63 29
22 64 29
22 65 16
22 66 26
22 67 19
22 68 3
22 69 8
22 70 16
22 71 26
22 72 2
22 73 27
22 74 20
22 75 24
22 76 23
22 77 11
22 78 1
22 79 16
22 80 13
22 81 20
22 82 23
22 83 26
22 84 16
22 85 21
22 86 2
22 87 24
22 88 16
22 89 10
22 90 4
22 91 2
22 92 13
22 93 15
22 94 29
22 95 12
22 96 25
22 97 2
22 98 2
22 99 15
22 100 28
23 24 2
23 25 11
23 26 15
23 27 25
23 28 1
23 29 27
23 30 24
23 31 17
23 32 9
23 33 13
23 34 7
23 35 2
23 36 27
23 37 29
23 38 2
23 39 19
23 40 12
23 41 13
23 42 21
23 43 14
23 44 26
23 45 5
23 46 12
23 47 5
23 48 3
23 49 4
23 50 6
23 51 5
23 52 7
23 53 19
23 54 7
23 55 30
23 56 16
23 57 30
23 58 10
23 59 23
23 60 16
23 61 19
23 62 3
23 63 21
23 64 20
23 65 17
23 66 22
23 67 19
23 68 29
23 69 4
23 70 7
23 71 10
23 72 29
23 73 12
23 74 21
23 75 3
23 76 15
23 77 25
23 78 7
23 79 19
23 80 30
23 81 26
23 82 19
23 83 7
23 84 25
23 85 4
23 86 6
23 87 24
23 88 12
23 89 28
23 90 7
23 91 30
23 92 28
23 93 19
23 94 29
23 95 15
23 96 8
23 97 15
23 98 11
23 99 13
23 100 22
24 25 22
24 26 9
24 27 3
24 28 12
24 29 12
24 30 17
24 31 6
24 32 20
24 33 5
24 34 4
24 35 15
24 36 24
24 37 11
24 38 8
24 39 27
24 40 15
24 41 30
24 42 8
24 43 12
24 44 6
24 45 7
24 46 11
24 47 3
24 48 24
24 49 9
24 50 16
24 51 2
24 52 25
24 53 26
24 54 13
24 55 14
24 56 15
24 57 22
24 58 16
24 59 25
24 60 3
24 61 2
24 62 29
24 63 21
24 64 5
24 65 2
24 66 4
24 67 29
24 68 13
24 69 12
24 70 23
24 71 27
24 72 9
24 73 30
24 74 8
24 75 15
24 76 4
24 77 17
24 78 16
24 79 29
24 80 27
24 81 19
24 82 26
24 83 13
24 84 2
24 85 10
24 86 2
24 87 18
24 88 2
24 89 3
24 90 18
24 91 25
24 92 23
24 93 3
24 94 27
24 95 20
24 96 14
24 97 6
24 98 12
24 99 10
24 100 15
25 26 11
25 27 17
25 28 30
25 29 16
25 30 3
25 31 13
25 32 12
25 33 30
25 34 13
25 35 12
25 36 16
25 37 6
25 38 23
25 39 19
25 40 14
25 41 23
25 42 4
25 43 16
25 44 26
25 45 23
25 46 17
25 47 18
25 48 13
25 49 20
25 50 14
25 51 2
25 52 3
25 53 20
25 54 15
25 55 12
25 56 4
25 57 24
25 58 29
25 59 1
25 60 7
25 61 1
25 62 13
25 63 19
25 64 30
25 65 26
25 66 29
25 67 15
25 68 2
25 69 21
25 70 1
25 71 14
25 72 13
25 73 6
25 74 7
25 75 27
25 76 15
25 77 25
25 78 9
25 79 4
25 80 9
25 81 10
25 82 5
25 83 27
25 84 25
25 85 15
25 86 30
25 87 16
25 88 13
25 89 24
25 90 13
25 91 13
25 92 12
25 93 12
25 94 7
25 95 11
25 96 27
25 97 7
25 98 30
25 99 27
25 100 21
26 25 2
26 27 11
26 28 19
26 29 18
26 30 27
26 31 3
26 32 10
26 33 3
26 34 5
26 35 19
26 36 13
26 37 9
26 38 14
26 39 5
26 40 24
26 41 13
26 42 22
26 43 5
26 44 11
26 45 13
26 46 18
26 47 23
26 48 23
26 49 30
26 50 30
26 51 1
26 52 24
26 53 4
26 54 1
26 55 20
26 56 23
26 57 10
26 58 18
26 59 12
26 60 26
26 61 12
26 62 13
26 63 5
26 64 16
26 65 19
26 66 23
26 67 27
26 68 26
26 69 6
26 70 19
26 71 19
26 72 20
26 73 22
26 74 30
26 75 2
26 76 9
26 77 20
26 78 25
26 79 6
26 80 19
26 81 27
26 82 21
26 83 26
26 84 18
26 85 14
26 86 3
26 87 6
26 88 24
26 89 29
26 90 18
26 91 6
26 92 3
26 93 1
26 94 23
26 95 26
26 96 27
26 97 18
26 98 30
26 99 25
26 100 5
27 28 16
27 29 14
27 30 27
27 31 14
27 32 14
27 33 4
27 34 3
27 35 6
27 36 10
27 37 21
27 38 8
27 39 11
27 40 26
27 41 27
27 42 23
27 43 29
27 44 16
27 45 25
27 46 16
27 47 21
27 48 29
27 49 16
27 50 13
27 51 22
27 52 10
27 53 30
27 54 20
27 55 4
27 56 2
27 57 5
27 58 18
27 59 27
27 60 19
27 61 1
27 62 23
27 63 7
27 64 9
27 65 13
27 66 6
27 67 17
27 68 22
27 69 1
27 70 11
27 71 15
27 72 29
27 73 9
27 74 29
27 75 21
27 76 26
27 77 19
27 78 17
27 79 9
27 80 2
27 81 9
27 82 19
27 83 30
27 84 27
27 85 23
27 86 1
27 87 1
27 88 8
27 89 28
27 90 21
27 91 7
27 92 27
27 93 11
27 94 12
27 95 5
27 96 22
27 97 18
27 98 22
27 99 13
27 100 18
28 29 1
28 30 26
28 31 14
28 32 10
28 33 25
28 34 4
28 35 5
28 36 13
28 37 22
28 38 12
28 39 13
28 40 29
28 41 12
28 42 25
28 43 21
28 44 13
28 45 26
28 46 29
28 47 9
28 48 14
28 49 5
28 50 3
28 51 25
28 52 18
28 53 8
28 54 16
28 55 5
28 56 28
28 57 30
28 58 21
28 59 29
28 60 23
28 61 4
28 62 9
28 63 17
28 64 9
28 65 12
28 66 25
28 67 13
28 68 29
28 69 23
28 70 26
28 71 21
28 72 14
28 73 6
28 74 16
28 75 12
28 76 13
28 77 16
28 78 16
28 79 23
28 80 1
28 81 24
28 82 9
28 83 4
28 84 20
28 85 6
28 86 26
28 87 18
28 88 29
28 89 30
28 90 25
28 91 16
28 92 8
28 93 7
28 94 14
28 95 6
28 96 30
28 97 27
28 98 2
28 99 22
28 100 20
29 30 23
29 31 5
29 32 25
29 33 7
29 34 16
29 35 5
29 36 5
29 37 1
29 38 22
29 39 28
29 40 13
29 41 4
29 42 4
29 43 10
29 44 30
29 45 19
29 46 7
29 47 30
29 48 13
29 49 21
29 50 5
29 51 18
29 52 4
29 53 12
29 54 17
29 55 29
29 56 14
29 57 9
29 58 17
29 59 5
29 60 12
29 61 9
29 62 12
29 63 28
29 64 14
29 65 17
29 66 27
29 67 3
29 68 12
29 69 27
29 70 15
29 71 17
29 72 1
29 73 15
29 74 25
29 75 29
29 76 1
29 77 30
29 78 28
29 79 15
29 80 20
29 81 3
29 82 22
29 83 13
29 84 18
29 85 19
29 86 25
29 87 25
29 88 5
29 89 30
29 90 6
29 91 12
29 92 9
29 93 4
29 94 24
29 95 24
29 96 29
29 97 28
29 98 4
29 99 24
29 100 10
30 31 21
30 32 23
30 33 25
30 34 15
30 35 21
30 36 27
30 37 13
30 38 17
30 39 9
30 40 2
30 41 18
30 42 9
30 43 25
30 44 25
30 45 11
30 46 23
30 47 19
30 48 14
30 49 21
30 50 26
30 51 26
30 52 30
30 53 28
30 54 19
30 55 22
30 56 24
30 57 14
30 58 26
30 59 17
30 60 24
30 61 14
30 62 9
30 63 19
30 64 27
30 65 29
30 66 13
30 67 9
30 68 15
30 69 20
30 70 12
30 71 2
30 72 27
30 73 4
30 74 22
30 75 15
30 76 23
30 77 10
30 78 29
30 79 13
30 80 3
30 81 22
30 82 11
30 83 10
30 84 23
30 85 23
30 86 26
30 87 9
30 88 16
30 89 9
30 90 17
30 91 2
30 92 3
30 93 15
30 94 13
30 95 13
30 96 28
30 97 2
30 98 23
30 99 28
30 100 30
31 32 25
31 33 28
31 34 21
31 35 9
31 36 18
31 37 29
31 38 5
31 39 30
31 40 25
31 41 10
31 42 29
31 43 4
31 44 10
31 45 21
31 46 27
31 47 3
31 48 11
31 49 10
31 50 17
31 51 13
31 52 13
31 53 30
31 54 27
31 55 26
31 56 25
31 57 27
31 58 16
31 59 22
31 60 26
31 61 10
31 62 17
31 63 14
31 64 17
31 65 4
31 66 11
31 67 20
31 68 1
31 69 11
31 70 14
31 71 11
31 72 9
31 73 17
31 74 19
31 75 11
31 76 22
31 77 22
31 78 1
31 79 15
31 80 3
31 81 13
31 82 12
31 83 28
31 84 8
31 85 6
31 86 24
31 87 23
31 88 26
31 89 20
31 90 2
31 91 12
31 92 1
31 93 20
31 94 14
31 95 12
31 96 9
31 97 16
31 98 21
31 99 24
31 100 27
32 33 10
32 34 14
32 35 21
32 36 5
32 37 29
32 38 11
32 39 5
32 40 11
32 41 14
32 42 18
32 43 21
32 44 11
32 45 24
32 46 27
32 47 4
32 48 16
32 49 22
32 50 22
32 51 19
32 52 1
32 53 22
32 54 6
32 55 15
32 56 1
32 57 15
32 58 23
32 59 6
32 60 26
32 61 23
32 62 14
32 63 9
32 64 21
32 65 3
32 66 12
32 67 17
32 68 14
32 69 15
32 70 28
32 71 28
32 72 2
32 73 18
32 74 6
32 75 27
32 76 12
32 77 8
32 78 10
32 79 1
32 80 29
32 81 27
32 82 2
32 83 20
32 84 2
32 85 17
32 86 21
32 87 16
32 88 16
32 89 11
32 90 20
32 91 9
32 92 3
32 93 4
32 94 18
32 95 22
32 96 7
32 97 28
32 98 8
32 99 19
32 100 13
33 32 5
33 34 3
33 35 16
33 36 13
33 37 19
33 38 20
33 39 7
33 40 28
33 41 18
33 42 1
33 43 24
33 44 12
33 45 1
33 46 13
33 47 13
33 48 19
33 49 2
33 50 29
33 51 4
33 52 11
33 53 16
33 54 13
33 55 15
33 56 20
33 57 29
33 58 4
33 59 25
33 60 24
33 61 11
33 62 13
33 63 4
33 64 14
33 65 27
33 66 18
33 67 3
33 68 14
33 69 25
33 70 1
33 71 12
33 72 12
33 73 1
33 74 5
33 75 25
33 76 2
33 77 17
33 78 7
33 79 19
33 80 17
33 81 3
33 82 21
33 83 28
33 84 19
33 85 1
33 86 10
33 87 7
33 88 28
33 89 13
33 90 30
33 91 22
33 92 24
33 93 11
33 94 26
33 95 7
33 96 7
33 97 13
33 98 8
33 99 22
33 100 8
34 35 8
34 36 1
34 37 18
34 38 9
34 39 4
34 40 10
34 41 9
34 42 19
34 43 15
34 44 29
34 45 3
34 46 16
34 47 19
34 48 1
34 49 5
34 50 21
34 51 9
34 52 10
34 53 16
34 54 22
34 55 7
34 56 7
34 57 15
34 58 18
34 59 1
34 60 21
34 61 26
34 62 12
34 63 29
34 64 15
34 65 18
34 66 6
34 67 14
34 68 6
34 69 13
34 70 16
34 71 14
34 72 23
34 73 5
34 74 30
34 75 19
34 76 8
34 77 15
34 78 7
34 79 7
34 80 18
34 81 26
34 82 15
34 83 26
34 84 10
34 85 6
34 86 3
34 87 17
34 88 20
34 89 21
34 90 16
34 91 10
34 92 14
34 93 29
34 94 6
34 95 27
34 96 16
34 97 11
34 98 10
34 99 20
34 100 24
35 36 27
35 37 4
35 38 14
35 39 30
35 40 1
35 41 2
35 42 5
35 43 16
35 44 8
35 45 13
35 46 2
35 47 1
35 48 28
35 49 28
35 50 11
35 51 1
35 52 29
35 53 27
35 54 21
35 55 20
35 56 12
35 57 29
35 58 1
35 59 8
35 60 5
35 61 29
35 62 23
35 63 14
35 64 6
35 65 12
35 66 7
35 67 14
35 68 20
35 69 28
35 70 15
35 71 22
35 72 3
35 73 30
35 74 28
35 75 14
35 76 30
35 77 30
35 78 11
35 79 27
35 80 10
35 81 10
35 82 26
35 83 6
35 84 30
35 85 13
35 86 17
35 87 28
35 88 12
35 89 25
35 90 10
35 91 17
35 92 14
35 93 15
35 94 28
35 95 20
35 96 13
35 97 11
35 98 7
35 99 11
35 100 25
36 37 29
36 38 14
36 39 24
36 40 27
36 41 28
36 42 21
36 43 24
36 44 6
36 45 15
36 46 3
36 47 16
36 48 10
36 49 8
36 50 13
36 51 21
36 52 25
36 53 11
36 54 3
36 55 17
36 56 9
36 57 11
36 58 4
36 59 22
36 60 24
36 61 30
36 62 9
36 63 7
36 64 10
36 65 16
36 66 18
36 67 4
36 68 12
36 69 30
36 70 26
36 71 6
36 72 27
36 73 16
36 74 30
36 75 1
36 76 1
36 77 14
36 78 9
36 79 7
36 80 28
36 81 29
36 82 30
36 83 6
36 84 30
36 85 16
36 86 15
36 87 8
36 88 18
36 89 4
36 90 2
36 91 17
36 92 13
36 93 9
36 94 28
36 95 27
36 96 25
36 97 30
36 98 9
36 99 24
36 100 24
37 38 13
37 39 20
37 40 7
37 41 13
37 42 18
37 43 6
37 44 12
37 45 1
37 46 14
37 47 19
37 48 29
37 49 10
37 50 18
37 51 4
37 52 9
37 53 3
37 54 18
37 55 17
37 56 20
37 57 22
37 58 19
37 59 6
37 60 3
37 61 26
37 62 1
37 63 30
37 64 20
37 65 30
37 66 6
37 67 13
37 68 23
37 69 20
37 70 28
37 71 2
37 72 18
37 73 4
37 74 12
37 75 18
37 76 16
37 77 16
37 78 26
37 79 18
37 80 21
37 81 4
37 82 19
37 83 8
37 84 19
37 85 8
37 86 28
37 87 6
37 88 13
37 89 1
37 90 14
37 91 22
37 92 13
37 93 6
37 94 2
37 95 3
37 96 26
37 97 1
37 98 1
37 99 26
37 100 17
38 39 3
38 40 7
38 41 4
38 42 19
38 43 5
38 44 21
38 45 14
38 46 21
38 47 9
38 48 16
38 49 10
38 50 15
38 51 2
38 52 16
38 53 12
38 54 8
38 55 29
38 56 13
38 57 10
38 58 13
38 59 11
38 60 30
38 61 24
38 62 17
38 63 1
38 64 28
38 65 11
38 66 27
38 67 4
38 68 18
38 69 30
38 70 10
38 71 22
38 72 16
38 73 15
38 74 12
38 75 28
38 76 6
38 77 19
38 78 11
38 79 14
38 80 3
38 81 13
38 82 30
38 83 16
38 84 22
38 85 29
38 86 27
38 87 30
38 88 9
38 89 7
38 90 29
38 91 2
38 92 22
38 93 28
38 94 28
38 95 2
38 96 29
38 97 24
38 98 5
38 99 16
38 100 21
39 40 15
39 41 7
39 42 6
39 43 28
39 44 18
39 45 1
39 46 3
39 47 6
39 48 12
39 49 17
39 50 10
39 51 26
39 52 15
39 53 24
39 54 15
39 55 13
39 56 20
39 57 14
39 58 20
39 59 27
39 60 12
39 61 22
39 62 18
39 63 9
39 64 18
39 65 19
39 66 5
39 67 9
39 68 24
39 69 21
39 70 6
39 71 27
39 72 4
39 73 3
39 74 14
39 75 4
39 76 5
39 77 18
39 78 16
39 79 20
39 80 26
39 81 9
39 82 4
39 83 19
39 84 24
39 85 15
39 86 8
39 87 7
39 88 4
39 89 2
39 90 19
39 91 27
39 92 21
39 93 27
39 94 12
39 95 7
39 96 1
39 97 21
39 98 29
39 99 21
39 100 19
40 41 4
40 42 17
40 43 22
40 44 5
40 45 29
40 46 26
40 47 10
40 48 16
40 49 11
40 50 12
40 51 21
40 52 4
40 53 12
40 54 20
40 55 7
40 56 20
40 57 24
40 58 9
40 59 6
40 60 18
40 61 28
40 62 2
40 63 30
40 64 2
40 65 2
40 66 19
40 67 23
40 68 7
40 69 2
40 70 7
40 71 29
40 72 8
40 73 5
40 74 24
40 75 18
40 76 21
40 77 3
40 78 18
40 79 22
40 80 23
40 81 30
40 82 3
40 83 10
40 84 6
40 85 21
40 86 3
40 87 13
40 88 28
40 89 20
40 90 11
40 91 28
40 92 17
40 93 11
40 94 28
40 95 5
40 96 12
40 97 20
40 98 13
40 99 14
40 100 27
41 42 9
41 43 22
41 44 30
41 45 1
41 46 8
41 47 21
41 48 2
41 49 26
41 50 19
41 51 24
41 52 16
41 53 18
41 54 25
41 55 26
41 56 24
41 57 16
41 58 28
41 59 5
41 60 11
41 61 15
41 62 16
41 63 8
41 64 1
41 65 25
41 66 6
41 67 7
41 68 6
41 69 24
41 70 18
41 71 19
41 72 19
41 73 27
41 74 8
41 75 18
41 76 26
41 77 16
41 78 6
41 79 28
41 80 10
41 81 24
41 82 19
41 83 26
41 84 11
41 85 14
41 86 20
41 87 3
41 88 28
41 89 15
41 90 8
41 91 8
41 92 30
41 93 22
41 94 14
41 95 16
41 96 18
41 97 7
41 98 21
41 99 12
41 100 23
42 43 9
42 44 29
42 45 18
42 46 17
42 47 14
42 48 13
42 49 1
42 50 19
42 51 11
42 52 11
42 53 12
42 54 28
42 55 4
42 56 23
42 57 11
42 58 22
42 59 26
42 60 6
42 61 6
42 62 1
42 63 14
42 64 5
42 65 23
42 66 27
42 67 6
42 68 9
42 69 14
42 70 11
42 71 30
42 72 24
42 73 2
42 74 6
42 75 20
42 76 20
42 77 21
42 78 4
42 79 2
42 80 22
42 81 23
42 82 11
42 83 2
42 84 9
42 85 3
42 86 25
42 87 18
42 88 25
42 89 19
42 90 25
42 91 1
42 92 18
42 93 6
42 94 6
42 95 11
42 96 10
42 97 18
42 98 13
42 99 20
42 100 15
43 44 6
43 45 22
43 46 21
43 47 25
43 48 11
43 49 9
43 50 29
43 51 11
43 52 30
43 53 19
43 54 21
43 55 28
43 56 19
43 57 28
43 58 11
43 59 13
43 60 26
43 61 28
43 62 7
43 63 27
43 64 16
43 65 12
43 66 27
43 67 10
43 68 9
43 69 12
43 70 23
43 71 27
43 72 25
43 73 28
43 74 18
43 75 15
43 76 22
43 77 27
43 78 22
43 79 18
43 80 5
43 81 21
43 82 4
43 83 26
43 84 19
43 85 23
43 86 21
43 87 19
43 88 3
43 89 4
43 90 12
43 91 1
43 92 9
43 93 8
43 94 17
43 95 21
43 96 7
43 97 11
43 98 30
43 99 14
43 100 21
44 45 22
44 46 10
44 47 15
44 48 17
44 49 26
44 50 28
44 51 8
44 52 22
44 53 19
44 54 24
44 55 25
44 56 8
44 57 28
44 58 21
44 59 27
44 60 18
44 61 11
44 62 13
44 63 22
44 64 15
44 65 26
44 66 23
44 67 23
44 68 1
44 69 7
44 70 13
44 71 6
44 72 16
44 73 10
44 74 20
44 75 6
44 76 30
44 77 21
44 78 17
44 79 25
44 80 18
44 81 24
44 82 14
44 83 4
44 84 17
44 85 9
44 86 12
44 87 13
44 88 28
44 89 6
44 90 6
44 91 18
44 92 22
44 93 20
44 94 13
44 95 12
44 96 12
44 97 12
44 98 17
44 99 23
44 100 17
45 46 2
45 47 3
45 48 6
45 49 6
45 50 1
45 51 4
45 52 27
45 53 18
45 54 27
45 55 12
45 56 11
45 57 9
45 58 15
45 59 27
45 60 16
45 61 27
45 62 9
45 63 11
45 64 1
45 65 7
45 66 17
45 67 19
45 68 30
45 69 4
45 70 30
45 71 9
45 72 16
45 73 11
45 74 27
45 75 7
45 76 26
45 77 27
45 78 10
45 79 3
45 80 11
45 81 2
45 82 28
45 83 27
45 84 29
45 85 10
45 86 6
45 87 5
45 88 25
45 89 2
45 90 21
45 91 19
45 92 9
45 93 1
45 94 20
45 95 16
45 96 17
45 97 8
45 98 13
45 99 21
45 100 7
46 47 23
46 48 5
46 49 17
46 50 17
46 51 12
46 52 12
46 53 13
46 54 20
46 55 12
46 56 14
46 57 29
46 58 14
46 59 12
46 60 25
46 61 11
46 62 22
46 63 14
46 64 14
46 65 3
46 66 2
46 67 9
46 68 2
46 69 21
46 70 26
46 71 19
46 72 29
46 73 8
46 74 8
46 75 4
46 76 29
46 77 13
46 78 19
46 79 13
46 80 25
46 81 29
46 82 27
46 83 14
46 84 11
46 85 10
46 86 12
46 87 23
46 88 20
46 89 4
46 90 1
46 91 11
46 92 5
46 93 16
46 94 23
46 95 5
46 96 17
46 97 24
46 98 13
46 99 19
46 100 14
47 48 8
47 49 6
47 50 10
47 51 14
47 52 14
47 53 12
47 54 11
47 55 27
47 56 24
47 57 19
47 58 30
47 59 18
47 60 8
47 61 27
47 62 10
47 63 29
47 64 16
47 65 14
47 66 26
47 67 17
47 68 14
47 69 18
47 70 23
47 71 11
47 72 5
47 73 17
47 74 23
47 75 11
47 76 23
47 77 1
47 78 23
47 79 6
47 80 13
47 81 1
47 82 12
47 83 26
47 84 17
47 85 11
47 86 11
47 87 17
47 88 17
47 89 7
47 90 25
47 91 15
47 92 22
47 93 9
47 94 13
47 95 17
47 96 26
47 97 25
47 98 4
47 99 16
47 100 25
48 49 14
48 50 19
48 51 10
48 52 4
48 53 28
48 54 2
48 55 5
48 56 19
48 57 7
48 58 19
48 59 20
48 60 5
48 61 29
48 62 13
48 63 23
48 64 9
48 65 25
48 66 7
48 67 24
48 68 1
48 69 2
48 70 8
48 71 21
48 72 11
48 73 20
48 74 7
48 75 4
48 76 14
48 77 12
48 78 21
48 79 7
48 80 24
48 81 7
48 82 17
48 83 28
48 84 5
48 85 19
48 86 3
48 87 24
48 88 24
48 89 20
48 90 11
48 91 30
48 92 18
48 93 25
48 94 22
48 95 25
48 96 19
48 97 27
48 98 18
48 99 18
48 100 29
49 50 24
49 51 9
49 52 7
49 53 13
49 54 16
49 55 10
49 56 28
49 57 26
49 58 29
49 59 4
49 60 17
49 61 5
49 62 19
49 63 15
49 64 8
49 65 7
49 66 16
49 67 30
49 68 1
49 69 3
49 70 11
49 71 29
49 72 19
49 73 5
49 74 18
49 75 11
49 76 24
49 77 14
49 78 27
49 79 9
49 80 11
49 81 20
49 82 18
49 83 16
49 84 1
49 85 2
49 86 26
49 87 27
49 88 28
49 89 24
49 90 29
49 91 13
49 92 30
49 93 17
49 94 26
49 95 7
49 96 22
49 97 11
49 98 5
49 99 21
49 100 12
50 51 16
50 52 19
50 53 29
50 54 21
50 55 6
50 56 9
50 57 12
50 58 19
50 59 5
50 60 21
50 61 30
50 62 25
50 63 7
50 64 15
50 65 24
50 66 9
50 67 11
50 68 20
50 69 4
50 70 2
50 71 18
50 72 17
50 73 1
50 74 2
50 75 12
50 76 7
50 77 25
50 78 21
50 79 12
50 80 15
50 81 26
50 82 2
50 83 29
50 84 16
50 85 8
50 86 7
50 87 26
50 88 25
50 89 12
50 90 16
50 91 24
50 92 5
50 93 21
50 94 7
50 95 29
50 96 30
50 97 16
50 98 17
50 99 2
50 100 18
51 52 2
51 53 19
51 54 18
51 55 5
51 56 30
51 57 25
51 58 28
51 59 18
51 60 4
51 61 12
51 62 19
51 63 30
51 64 14
51 65 17
51 66 13
51 67 21
51 68 25
51 69 8
51 70 15
51 71 4
51 72 22
51 73 7
51 74 9
51 75 13
51 76 14
51 77 6
51 78 10
51 79 28
51 80 23
51 81 12
51 82 15
51 83 25
51 84 30
51 85 28
51 86 27
51 87 25
51 88 25
51 89 14
51 90 27
51 91 5
51 92 2
51 93 24
51 94 19
51 95 18
51 96 6
51 97 7
51 98 10
51 99 12
51 100 21
52 53 14
52 54 2
52 55 28
52 56 22
52 57 13
52 58 9
52 59 28
52 60 21
52 61 6
52 62 20
52 63 1
52 64 19
52 65 12
52 66 20
52 67 10
52 68 27
52 69 12
52 70 2
52 71 8
52 72 7
52 73 7
52 74 9
52 75 25
52 76 27
52 77 5
52 78 1
52 79 6
52 80 15
52 81 22
52 82 18
52 83 15
52 84 17
52 85 9
52 86 28
52 87 26
52 88 4
52 89 19
52 90 30
52 91 24
52 92 18
52 93 17
52 94 4
52 95 18
52 96 6
52 97 12
52 98 12
52 99 16
52 100 14
53 54 18
53 55 23
53 56 22
53 57 27
53 58 22
53 59 16
53 60 23
53 61 25
53 62 15
53 63 27
53 64 9
53 65 7
53 66 15
53 67 25
53 68 22
53 69 22
53 70 20
53 71 18
53 72 27
53 73 6
53 74 17
53 75 18
53 76 24
53 77 3
53 78 22
53 79 9
53 80 7
53 81 1
53 82 19
53 83 22
53 84 16
53 85 7
53 86 12
53 87 7
53 88 3
53 89 1
53 90 21
53 91 25
53 92 26
53 93 5
53 94 21
53 95 3
53 96 10
53 97 3
53 98 26
53 99 2
53 100 26
54 55 15
54 56 18
54 57 22
54 58 20
54 59 2
54 60 7
54 61 13
54 62 4
54 63 28
54 64 21
54 65 9
54 66 29
54 67 9
54 68 14
54 69 14
54 70 11
54 71 19
54 72 18
54 73 12
54 74 7
54 75 10
54 76 8
54 77 13
54 78 11
54 79 21
54 80 2
54 81 6
54 82 21
54 83 26
54 84 19
54 85 6
54 86 17
54 87 8
54 88 9
54 89 22
54 90 20
54 91 11
54 92 19
54 93 8
54 94 20
54 95 18
54 96 17
54 97 19
54 98 1
54 99 30
54 100 30
55 56 19
55 57 17
55 58 11
55 59 26
55 60 25
55 61 17
55 62 6
55 63 23
55 64 28
55 65 28
55 66 25
55 67 1
55 68 16
55 69 20
55 70 21
55 71 21
55 72 4
55 73 27
55 74 28
55 75 27
55 76 16
55 77 8
55 78 15
55 79 22
55 80 26
55 81 9
55 82 14
55 83 6
55 84 11
55 85 19
55 86 21
55 87 23
55 88 14
55 89 15
55 90 9
55 91 21
55 92 7
55 93 5
55 94 16
55 95 2
55 96 6
55 97 30
55 98 20
55 99 25
55 100 20
56 57 25
56 58 22
56 59 17
56 60 19
56 61 5
56 62 23
56 63 1
56 64 28
56 65 19
56 66 2
56 67 4
56 68 10
56 69 12
56 70 19
56 71 29
56 72 2
56 73 13
56 74 9
56 75 19
56 76 20
56 77 14
56 78 2
56 79 20
56 80 19
56 81 2
56 82 10
56 83 11
56 84 20
56 85 2
56 86 5
56 87 21
56 88 4
56 89 26
56 90 20
56 91 30
56 92 14
56 93 20
56 94 1
56 95 13
56 96 20
56 97 9
56 98 25
56 99 8
56 100 7
57 58 27
57 59 7
57 60 20
57 61 3
57 62 26
57 63 9
57 64 16
57 65 29
57 66 28
57 67 2
57 68 29
57 69 7
57 70 13
57 71 16
57 72 7
57 73 12
57 74 19
57 75 26
57 76 16
57 77 15
57 78 15
57 79 15
57 80 29
57 81 5
57 82 16
57 83 11
57 84 25
57 85 25
57 86 3
57 87 1
57 88 1
57 89 28
57 90 6
57 91 19
57 92 1
57 93 1
57 94 26
57 95 17
57 96 28
57 97 23
57 98 19
57 99 24
57 100 28
58 59 30
58 60 10
58 61 4
58 62 11
58 63 29
58 64 30
58 65 25
58 66 13
58 67 13
58 68 9
58 69 10
58 70 18
58 71 23
58 72 19
58 73 10
58 74 17
58 75 23
58 76 9
58 77 16
58 78 20
58 79 15
58 80 4
58 81 19
58 82 15
58 83 3
58 84 12
58 85 21
58 86 20
58 87 6
58 88 19
58 89 20
58 90 14
58 91 23
58 92 29
58 93 10
58 94 21
58 95 24
58 96 22
58 97 3
58 98 1
58 99 19
58 100 24
59 58 23
59 60 18
59 61 27
59 62 8
59 63 10
59 64 4
59 65 23
59 66 29
59 67 19
59 68 27
59 69 15
59 70 1
59 71 25
59 72 19
59 73 12
59 74 14
59 75 8
59 76 16
59 77 2
59 78 26
59 79 30
59 80 23
59 81 23
59 82 7
59 83 13
59 84 14
59 85 29
59 86 14
59 87 14
59 88 28
59 89 7
59 90 16
59 91 26
59 92 14
59 93 26
59 94 30
59 95 6
59 96 22
59 97 16
59 98 7
59 99 18
59 100 24
60 61 24
60 62 30
60 63 7
60 64 30
60 65 15
60 66 9
60 67 26
60 68 12
60 69 1
60 70 16
60 71 19
60 72 13
60 73 30
60 74 18
60 75 25
60 76 11
60 77 13
60 78 24
60 79 17
60 80 29
60 81 19
60 82 23
60 83 16
60 84 6
60 85 14
60 86 1
60 87 4
60 88 19
60 89 17
60 90 28
60 91 12
60 92 14
60 93 4
60 94 12
60 95 29
60 96 11
60 97 5
60 98 8
60 99 13
60 100 21
61 60 8
61 62 26
61 63 24
61 64 18
61 65 11
61 66 16
61 67 29
61 68 24
61 69 9
61 70 15
61 71 23
61 72 26
61 73 15
61 74 15
61 75 11
61 76 19
61 77 29
61 78 11
61 79 24
61 80 16
61 81 28
61 82 19
61 83 28
61 84 12
61 85 24
61 86 7
61 87 8
61 88 4
61 89 12
61 90 17
61 91 15
61 92 12
61 93 6
61 94 18
61 95 23
61 96 23
61 97 17
61 98 14
61 99 30
61 100 1
62 63 6
62 64 24
62 65 15
62 66 21
62 67 2
62 68 1
62 69 18
62 70 13
62 71 25
62 72 3
62 73 11
62 74 12
62 75 29
62 76 21
62 77 5
62 78 6
62 79 29
62 80 7
62 81 18
62 82 13
62 83 23
62 84 19
62 85 25
62 86 27
62 87 4
62 88 15
62 89 17
62 90 21
62 91 30
62 92 15
62 93 21
62 94 3
62 95 8
62 96 3
62 97 25
62 98 10
62 99 4
62 100 10
63 64 22
63 65 28
63 66 11
63 67 2
63 68 9
63 69 9
63 70 23
63 71 12
63 72 15
63 73 19
63 74 19
63 75 1
63 76 2
63 77 9
63 78 18
63 79 25
63 80 6
63 81 22
63 82 10
63 83 23
63 84 11
63 85 7
63 86 7
63 87 30
63 88 8
63 89 15
63 90 2
63 91 2
63 92 24
63 93 4
63 94 10
63 95 15
63 96 1
63 97 21
63 98 15
63 99 8
63 100 5
64 65 20
64 66 13
64 67 24
64 68 9
64 69 12
64 70 24
64 71 18
64 72 30
64 73 19
64 74 24
64 75 20
64 76 27
64 77 15
64 78 29
64 79 1
64 80 22
64 81 28
64 82 9
64 83 5
64 84 28
64 85 10
64 86 27
64 87 1
64 88 20
64 89 11
64 90 3
64 91 11
64 92 24
64 93 9
64 94 9
64 95 27
64 96 30
64 97 22
64 98 20
64 99 6
64 100 4
65 66 12
65 67 22
65 68 1
65 69 14
65 70 21
65 71 27
65 72 29
65 73 19
65 74 28
65 75 20
65 76 14
65 77 4
65 78 23
65 79 11
65 80 14
65 81 19
65 82 13
65 83 4
65 84 28
65 85 14
65 86 13
65 87 21
65 88 23
65 89 22
65 90 17
65 91 20
65 92 11
65 93 5
65 94 26
65 95 13
65 96 17
65 97 16
65 98 15
65 99 15
65 100 30
66 67 3
66 68 9
66 69 28
66 70 21
66 71 4
66 72 15
66 73 4
66 74 8
66 75 8
66 76 16
66 77 23
66 78 25
66 79 29
66 80 25
66 81 23
66 82 10
66 83 7
66 84 11
66 85 2
66 86 27
66 87 27
66 88 21
66 89 7
66 90 1
66 91 16
66 92 21
66 93 16
66 94 30
66 95 3
66 96 29
66 97 29
66 98 6
66 99 7
66 100 24
67 68 27
67 69 11
67 70 9
67 71 30
67 72 17
67 73 15
67 74 15
67 75 9
67 76 7
67 77 11
67 78 1
67 79 30
67 80 21
67 81 8
67 82 11
67 83 23
67 84 4
67 85 7
67 86 13
67 87 10
67 88 6
67 89 28
67 90 29
67 91 20
67 92 27
67 93 1
67 94 18
67 95 24
67 96 5
67 97 23
67 98 17
67 99 1
67 100 24
68 69 30
68 70 18
68 71 6
68 72 12
68 73 26
68 74 14
68 75 23
68 76 27
68 77 13
68 78 13
68 79 3
68 80 22
68 81 3
68 82 5
68 83 29
68 84 15
68 85 15
68 86 2
68 87 10
68 88 11
68 89 20
68 90 6
68 91 10
68 92 7
68 93 28
68 94 16
68 95 28
68 96 15
68 97 14
68 98 29
68 99 8
68 100 11
69 70 15
69 71 15
69 72 21
69 73 10
69 74 27
69 75 13
69 76 4
69 77 9
69 78 24
69 79 7
69 80 1
69 81 27
69 82 11
69 83 28
69 84 9
69 85 26
69 86 29
69 87 19
69 88 5
69 89 18
69 90 24
69 91 15
69 92 24
69 93 21
69 94 29
69 95 21
69 96 5
69 97 10
69 98 18
69 99 12
69 100 21
70 71 2
70 72 25
70 73 11
70 74 10
70 75 21
70 76 22
70 77 14
70 78 28
70 79 15
70 80 20
70 81 27
70 82 10
70 83 23
70 84 19
70 85 26
70 86 21
70 87 8
70 88 29
70 89 8
70 90 30
70 91 14
70 92 30
70 93 20
70 94 12
70 95 21
70 96 24
70 97 23
70 98 6
70 99 3
70 100 11
71 72 8
71 73 28
71 74 21
71 75 18
71 76 16
71 77 12
71 78 1
71 79 11
71 80 26
71 81 21
71 82 8
71 83 5
71 84 21
71 85 22
71 86 15
71 87 21
71 88 28
71 89 11
71 90 27
71 91 27
71 92 25
71 93 27
71 94 15
71 95 5
71 96 15
71 97 8
71 98 26
71 99 21
71 100 11
72 71 6
72 73 4
72 74 29
72 75 6
72 76 25
72 77 14
72 78 20
72 79 5
72 80 13
72 81 2
72 82 8
72 83 3
72 84 21
72 85 6
72 86 23
72 87 3
72 88 25
72 89 21
72 90 15
72 91 22
72 92 15
72 93 9
72 94 16
72 95 30
72 96 12
72 97 29
72 98 5
72 99 7
72 100 19
73 74 16
73 75 12
73 76 15
73 77 20
73 78 4
73 79 27
73 80 9
73 81 9
73 82 9
73 83 8
73 84 7
73 85 11
73 86 14
73 87 8
73 88 2
73 89 21
73 90 1
73 91 5
73 92 13
73 93 20
73 94 20
73 95 4
73 96 4
73 97 28
73 98 18
73 99 2
73 100 9
74 75 16
74 76 7
74 77 15
74 78 2
74 79 22
74 80 25
74 81 15
74 82 9
74 83 29
74 84 11
74 85 19
74 86 6
74 87 19
74 88 25
74 89 11
74 90 30
74 91 8
74 92 20
74 93 30
74 94 27
74 95 19
74 96 3
74 97 10
74 98 8
74 99 21
74 100 12
75 76 10
75 77 18
75 78 12
75 79 26
75 80 14
75 81 18
75 82 8
75 83 15
75 84 7
75 85 2
75 86 28
75 87 16
75 88 29
75 89 9
75 90 2
75 91 4
75 92 28
75 93 27
75 94 14
75 95 25
75 96 5
75 97 3
75 98 23
75 99 30
75 100 20
76 77 24
76 78 9
76 79 28
76 80 14
76 81 22
76 82 5
76 83 20
76 84 16
76 85 26
76 86 1
76 87 3
76 88 3
76 89 16
76 90 10
76 91 3
76 92 14
76 93 24
76 94 1
76 95 21
76 96 27
76 97 4
76 98 16
76 99 23
76 100 18
77 78 8
77 79 26
77 80 19
77 81 26
77 82 8
77 83 24
77 84 4
77 85 3
77 86 6
77 87 24
77 88 8
77 89 6
77 90 13
77 91 24
77 92 30
77 93 13
77 94 25
77 95 29
77 96 2
77 97 3
77 98 10
77 99 27
77 100 2
78 77 6
78 79 29
78 80 21
78 81 6
78 82 14
78 83 11
78 84 22
78 85 23
78 86 7
78 87 10
78 88 21
78 89 16
78 90 13
78 91 2
78 92 17
78 93 17
78 94 27
78 95 26
78 96 23
78 97 7
78 98 17
78 99 22
78 100 20
79 80 10
79 81 20
79 82 17
79 83 12
79 84 21
79 85 25
79 86 6
79 87 23
79 88 24
79 89 25
79 90 30
79 91 7
79 92 6
79 93 19
79 94 28
79 95 13
79 96 30
79 97 17
79 98 11
79 99 13
79 100 28
80 81 13
80 82 14
80 83 7
80 84 24
80 85 4
80 86 15
80 87 10
80 88 26
80 89 2
80 90 18
80 91 13
80 92 19
80 93 29
80 94 3
80 95 14
80 96 4
80 97 26
80 98 7
80 99 30
80 100 23
81 82 12
81 83 3
81 84 12
81 85 8
81 86 16
81 87 9
81 88 23
81 89 25
81 90 22
81 91 20
81 92 7
81 93 20
81 94 1
81 95 15
81 96 13
81 97 5
81 98 28
81 99 22
81 100 29
82 83 30
82 84 9
82 85 11
82 86 17
82 87 7
82 88 14
82 89 29
82 90 10
82 91 7
82 92 3
82 93 7
82 94 13
82 95 10
82 96 12
82 97 21
82 98 24
82 99 21
82 100 13
83 84 18
83 85 10
83 86 23
83 87 1
83 88 5
83 89 11
83 90 6
83 91 2
83 92 2
83 93 4
83 94 12
83 95 15
83 96 17
83 97 17
83 98 27
83 99 13
83 100 25
84 85 4
84 86 16
84 87 1
84 88 2
84 89 29
84 90 9
84 91 12
84 92 18
84 93 2
84 94 29
84 95 18
84 96 10
84 97 30
84 98 11
84 99 8
84 100 29
85 86 16
85 87 20
85 88 5
85 89 17
85 90 22
85 91 7
85 92 17
85 93 1
85 94 21
85 95 1
85 96 17
85 97 17
85 98 14
85 99 11
85 100 19
86 87 28
86 88 11
86 89 19
86 90 26
86 91 20
86 92 13
86 93 21
86 94 10
86 95 8
86 96 9
86 97 9
86 98 19
86 99 17
86 100 7
87 88 3
87 89 4
87 90 10
87 91 20
87 92 25
87 93 18
87 94 6
87 95 24
87 96 8
87 97 5
87 98 10
87 99 23
87 100 19
88 89 20
88 90 10
88 91 16
88 92 29
88 93 9
88 94 18
88 95 28
88 96 21
88 97 8
88 98 28
88 99 17
88 100 4
89 90 7
89 91 3
89 92 22
89 93 12
89 94 6
89 95 24
89 96 21
89 97 26
89 98 18
89 99 8
89 100 30
90 91 12
90 92 14
90 93 2
90 94 20
90 95 4
90 96 21
90 97 9
90 98 12
90 99 4
90 100 7
91 92 11
91 93 12
91 94 26
91 95 8
91 96 3
91 97 3
91 98 20
91 99 8
91 100 5
92 91 3
92 93 24
92 94 28
92 95 15
92 96 28
92 97 19
92 98 5
92 99 22
92 100 7
93 94 11
93 95 19
93 96 17
93 97 25
93 98 22
93 99 6
93 100 28
94 95 12
94 96 14
94 97 9
94 98 15
94 99 21
94 100 18
95 96 25
95 97 14
95 98 24
95 99 25
95 100 18
96 97 26
96 98 23
96 99 5
96 100 1
97 98 28
97 99 27
97 100 29
98 99 10
98 100 25
99 100 15
