CAPACITED
1 2 30
1 3 23
1 4 2
1 5 5
1 6 25
1 7 30
1 8 12
1 9 25
1 10 1
1 11 23
1 12 1
1 13 20
1 14 2
1 15 30
1 16 11
1 17 10
1 18 23
1 19 28
1 20 30
1 21 24
1 22 10
1 23 10
1 24 11
1 25 9
2 3 11
2 4 10
2 5 9
2 6 3
2 7 25
2 8 17
2 9 23
2 10 22
2 11 9
2 12 23
2 13 27
2 14 4
2 15 22
2 16 6
2 17 27
2 18 24
2 19 29
2 20 28
2 21 11
2 22 29
2 23 25
2 24 20
2 25 9
3 4 17
3 5 15
3 6 6
3 7 10
3 8 24
3 9 17
3 10 19
3 11 2
3 12 26
3 13 29
3 14 11
3 15 29
3 16 23
3 17 27
3 18 21
3 19 12
3 20 3
3 21 11
3 22 8
3 23 7
3 24 14
3 25 3
4 5 22
4 6 10
4 7 29
4 8 3
4 9 9
4 10 23
4 11 23
4 12 16
4 13 9
4 14 6
4 15 22
4 16 19
4 17 30
4 18 8
4 19 7
4 20 30
4 21 3
4 22 6
4 23 8
4 24 30
4 25 27
5 6 4
5 7 18
5 8 9
5 9 8
5 10 29
5 11 15
5 12 13
5 13 30
5 14 30
5 15 15
5 16 21
5 17 7
5 18 13
5 19 22
5 20 14
5 21 6
5 22 13
5 23 30
5 24 15
5 25 19
6 7 20
6 8 2
6 9 18
6 10 26
6 11 9
6 12 15
6 13 30
6 14 13
6 15 23
6 16 27
6 17 8
6 18 28
6 19 15
6 20 17
6 21 3
6 22 13
6 23 1
6 24 16
6 25 10
7 8 29
7 9 1
7 10 4
7 11 14
7 12 21
7 13 18
7 14 18
7 15 3
7 16 18
7 17 2
7 18 22
7 19 5
7 20 4
7 21 7
7 22 12
7 23 22
7 24 28
7 25 23
8 9 15
8 10 25
8 11 10
8 12 9
8 13 17
8 14 13
8 15 22
8 16 17
8 17 27
8 18 13
8 19 28
8 20 30
8 21 17
8 22 9
8 23 20
8 24 5
8 25 27
9 10 24
9 11 21
9 12 27
9 13 13
9 14 26
9 15 30
9 16 19
9 17 26
9 18 11
9 19 8
9 20 24
9 21 1
9 22 23
9 23 16
9 24 2
9 25 25
10 9 22
10 11 19
10 12 11
10 13 14
10 14 3
10 15 8
10 16 14
10 17 17
10 18 3
10 19 13
10 20 3
10 21 10
10 22 3
10 23 6
10 24 4
10 25 25
11 12 27
11 13 29
11 14 5
11 15 20
11 16 28
11 17 24
11 18 16
11 19 6
11 20 2
11 21 7
11 22 8
11 23 23
11 24 23
11 25 10
12 13 24
12 14 15
12 15 27
12 16 2
12 17 29
12 18 8
12 19 13
12 20 15
12 21 11
12 22 24
12 23 18
12 24 19
12 25 25
13 14 25
13 15 23
13 16 19
13 17 19
13 18 22
13 19 25
13 20 9
13 21 17
13 22 16
13 23 23
13 24 24
13 25 18
14 15 28
14 16 30
14 17 11
14 18 18
14 19 9
14 20 2
14 21 2
14 22 3
14 23 2
14 24 29
14 25 3
15 16 11
15 17 9
15 18 16
15 19 20
15 20 3
15 21 4
15 22 9
15 23 26
15 24 27
15 25 30
16 17 15
16 18 13
16 19 19
16 20 7
16 21 22
16 22 4
16 23 23
16 24 12
16 25 28
17 18 9
17 19 7
17 20 25
17 21 18
17 22 25
17 23 3
17 24 20
17 25 25
18 19 4
18 20 20
18 21 24
18 22 8
18 23 24
18 24 21
18 25 1
19 20 26
19 21 28
19 22 28
19 23 20
19 24 25
19 25 12
20 21 3
20 22 12
20 23 17
20 24 23
20 25 16
21 22 9
21 23 3
21 24 11
21 25 16
22 23 10
22 24 5
22 25 3
23 24 3
23 25 6
24 25 21
