CAPACITED
1 2 30
1 3 23
1 4 2
1 5 5
1 6 25
1 7 30
1 8 12
1 9 25
1 10 1
1 11 23
1 12 1
1 13 20
1 14 2
1 15 30
1 16 11
1 17 10
1 18 23
1 19 28
1 20 30
1 21 24
1 22 10
1 23 10
1 24 11
1 25 9
1 26 11
1 27 10
1 28 9
1 29 3
1 30 25
1 31 17
1 32 23
1 33 22
1 34 9
1 35 23
1 36 27
1 37 4
1 38 22
1 39 6
1 40 27
1 41 24
1 42 29
1 43 28
1 44 11
1 45 29
1 46 25
1 47 20
1 48 9
1 49 17
1 50 15
2 3 6
2 4 10
2 5 24
2 6 17
2 7 19
2 8 2
2 9 26
2 10 29
2 11 11
2 12 29
2 13 23
2 14 27
2 15 21
2 16 12
2 17 3
2 18 11
2 19 8
2 20 7
2 21 14
2 22 3
2 23 22
2 24 10
2 25 29
2 26 3
2 27 9
2 28 23
2 29 23
2 30 16
2 31 9
2 32 6
2 33 22
2 34 19
2 35 30
2 36 8
2 37 7
2 38 30
2 39 3
2 40 6
2 41 8
2 42 30
2 43 27
2 44 4
2 45 18
2 46 9
2 47 8
2 48 29
2 49 15
2 50 13
3 4 30
3 5 30
3 6 15
3 7 21
3 8 7
3 9 13
3 10 22
3 11 14
3 12 6
3 13 13
3 14 30
3 15 15
3 16 19
3 17 20
3 18 2
3 19 18
3 20 26
3 21 9
3 22 15
3 23 30
3 24 13
3 25 23
3 26 27
3 27 8
3 28 28
3 29 15
3 30 17
3 31 3
3 32 13
3 33 1
3 34 16
3 35 10
3 36 29
3 37 1
3 38 4
3 39 14
3 40 21
3 41 18
3 42 18
3 43 3
3 44 18
3 45 2
3 46 22
3 47 5
3 48 4
3 49 7
3 50 12
4 3 24
4 5 22
4 6 28
4 7 23
4 8 15
4 9 25
4 10 10
4 11 9
4 12 17
4 13 13
4 14 22
4 15 17
4 16 27
4 17 13
4 18 28
4 19 30
4 20 17
4 21 9
4 22 20
4 23 5
4 24 27
4 25 24
4 26 21
4 27 27
4 28 13
4 29 26
4 30 30
4 31 19
4 32 26
4 33 11
4 34 8
4 35 24
4 36 1
4 37 23
4 38 16
4 39 2
4 40 25
4 41 19
4 42 11
4 43 14
4 44 3
4 45 8
4 46 14
4 47 17
4 48 3
4 49 13
4 50 3
5 6 10
5 7 3
5 8 6
5 9 4
5 10 25
5 11 27
5 12 29
5 13 5
5 14 20
5 15 28
5 16 24
5 17 16
5 18 6
5 19 2
5 20 7
5 21 8
5 22 23
5 23 23
5 24 10
5 25 24
5 26 15
5 27 27
5 28 2
5 29 29
5 30 8
5 31 13
5 32 15
5 33 11
5 34 24
5 35 18
5 36 19
5 37 25
5 38 25
5 39 23
5 40 19
5 41 19
5 42 22
5 43 25
5 44 9
5 45 17
5 46 16
5 47 23
5 48 24
5 49 18
5 50 28
6 7 30
6 8 11
6 9 18
6 10 9
6 11 2
6 12 2
6 13 3
6 14 2
6 15 29
6 16 3
6 17 11
6 18 9
6 19 16
6 20 20
6 21 3
6 22 4
6 23 9
6 24 26
6 25 27
6 26 30
6 27 15
6 28 13
6 29 19
6 30 7
6 31 22
6 32 4
6 33 23
6 34 12
6 35 28
6 36 9
6 37 7
6 38 25
6 39 18
6 40 25
6 41 3
6 42 20
6 43 25
6 44 4
6 45 20
6 46 24
6 47 8
6 48 24
6 49 21
6 50 1
7 8 26
7 9 28
7 10 28
7 11 20
7 12 25
7 13 12
7 14 3
7 15 12
7 16 17
7 17 23
7 18 16
7 19 9
7 20 3
7 21 11
7 22 16
7 23 10
7 24 5
7 25 3
7 26 3
7 27 6
7 28 21
7 29 28
7 30 10
7 31 11
7 32 19
7 33 16
7 34 11
7 35 18
7 36 8
7 37 30
7 38 19
7 39 1
7 40 25
7 41 16
7 42 22
7 43 18
7 44 26
7 45 23
7 46 30
7 47 12
7 48 13
7 49 13
7 50 20
8 9 16
8 10 22
8 11 5
8 12 27
8 13 25
8 14 9
8 15 28
8 16 30
8 17 23
8 18 8
8 19 8
8 20 10
8 21 23
8 22 20
8 23 28
8 24 17
8 25 16
8 26 30
8 27 10
8 28 2
8 29 21
8 30 28
8 31 28
8 32 11
8 33 25
8 34 8
8 35 25
8 36 5
8 37 28
8 38 10
8 39 27
8 40 2
8 41 4
8 42 21
8 43 9
8 44 1
8 45 19
8 46 7
8 47 23
8 48 25
8 49 15
8 50 2
9 10 17
9 11 2
9 12 30
9 13 15
9 14 18
9 15 13
9 16 15
9 17 28
9 18 15
9 19 3
9 20 23
9 21 11
9 22 15
9 23 17
9 24 19
9 25 9
9 26 22
9 27 14
9 28 17
9 29 16
9 30 14
9 31 22
9 32 6
9 33 24
9 34 21
9 35 23
9 36 29
9 37 13
9 38 17
9 39 13
9 40 13
9 41 4
9 42 14
9 43 12
9 44 19
9 45 1
9 46 26
9 47 1
9 48 27
9 49 8
9 50 5
10 9 3
10 11 19
10 12 17
10 13 20
10 14 3
10 15 3
10 16 29
10 17 23
10 18 17
10 19 13
10 20 8
10 21 1
10 22 4
10 23 12
10 24 23
10 25 24
10 26 4
10 27 21
10 28 4
10 29 19
10 30 1
10 31 18
10 32 21
10 33 15
10 34 28
10 35 10
10 36 14
10 37 21
10 38 11
10 39 10
10 40 28
10 41 14
10 42 27
10 43 14
10 44 3
10 45 28
10 46 18
10 47 30
10 48 20
10 49 2
10 50 13
11 12 26
11 13 3
11 14 15
11 15 5
11 16 26
11 17 8
11 18 7
11 19 16
11 20 11
11 21 27
11 22 18
11 23 27
11 24 17
11 25 22
11 26 25
11 27 13
11 28 13
11 29 4
11 30 21
11 31 8
11 32 18
11 33 18
11 34 20
11 35 20
11 36 13
11 37 5
11 38 19
11 39 1
11 40 8
11 41 1
11 42 25
11 43 11
11 44 17
11 45 5
11 46 23
11 47 7
11 48 21
11 49 1
11 50 1
12 13 6
12 14 28
12 15 17
12 16 5
12 17 20
12 18 9
12 19 18
12 20 13
12 21 8
12 22 6
12 23 30
12 24 24
12 25 26
12 26 19
12 27 7
12 28 30
12 29 7
12 30 8
12 31 7
12 32 7
12 33 2
12 34 16
12 35 22
12 36 21
12 37 14
12 38 6
12 39 10
12 40 16
12 41 5
12 42 16
12 43 11
12 44 22
12 45 21
12 46 29
12 47 1
12 48 6
12 49 29
12 50 12
13 14 15
13 15 2
13 16 11
13 17 8
13 18 27
13 19 28
13 20 13
13 21 26
13 22 3
13 23 19
13 24 2
13 25 10
13 26 22
13 27 18
13 28 1
13 29 20
13 30 7
13 31 13
13 32 26
13 33 17
13 34 27
13 35 1
13 36 2
13 37 8
13 38 21
13 39 22
13 40 6
13 41 20
13 42 28
13 43 3
13 44 2
13 45 10
13 46 5
13 47 11
13 48 17
13 49 1
13 50 7
14 15 30
14 16 25
14 17 10
14 18 17
14 19 27
14 20 20
14 21 6
14 22 13
14 23 19
14 24 26
14 25 20
14 26 1
14 27 20
14 28 6
14 29 29
14 30 21
14 31 6
14 32 6
14 33 9
14 34 26
14 35 10
14 36 30
14 37 22
14 38 13
14 39 30
14 40 1
14 41 17
14 42 10
14 43 16
14 44 16
14 45 15
14 46 14
14 47 11
14 48 25
14 49 5
14 50 12
15 16 6
15 17 18
15 18 1
15 19 5
15 20 19
15 21 9
15 22 29
15 23 9
15 24 16
15 25 2
15 26 19
15 27 9
15 28 12
15 29 16
15 30 24
15 31 15
15 32 8
15 33 23
15 34 14
15 35 22
15 36 8
15 37 28
15 38 2
15 39 2
15 40 26
15 41 6
15 42 13
15 43 1
15 44 22
15 45 13
15 46 1
15 47 28
15 48 13
15 49 20
15 50 6
16 17 9
16 18 28
16 19 20
16 20 11
16 21 14
16 22 28
16 23 22
16 24 30
16 25 28
16 26 13
16 27 12
16 28 26
16 29 19
16 30 4
16 31 10
16 32 10
16 33 12
16 34 7
16 35 11
16 36 13
16 37 1
16 38 17
16 39 26
16 40 2
16 41 8
16 42 6
16 43 1
16 44 3
16 45 18
16 46 20
16 47 8
16 48 27
16 49 17
16 50 26
17 18 6
17 19 29
17 20 23
17 21 26
17 22 26
17 23 21
17 24 6
17 25 7
17 26 14
17 27 25
17 28 11
17 29 24
17 30 4
17 31 22
17 32 30
17 33 13
17 34 2
17 35 28
17 36 26
17 37 4
17 38 1
17 39 7
17 40 17
17 41 20
17 42 13
17 43 12
17 44 4
17 45 9
17 46 16
17 47 1
17 48 11
17 49 26
17 50 20
18 19 17
18 20 2
18 21 4
18 22 11
18 23 11
18 24 26
18 25 13
18 26 23
18 27 25
18 28 2
18 29 23
18 30 22
18 31 28
18 32 22
18 33 24
18 34 28
18 35 22
18 36 1
18 37 12
18 38 9
18 39 12
18 40 24
18 41 11
18 42 21
18 43 9
18 44 11
18 45 23
18 46 20
18 47 4
18 48 10
18 49 4
18 50 6
19 20 12
19 21 13
19 22 15
19 23 8
19 24 25
19 25 16
19 26 17
19 27 16
19 28 22
19 29 8
19 30 14
19 31 11
19 32 9
19 33 1
19 34 21
19 35 9
19 36 11
19 37 15
19 38 18
19 39 2
19 40 22
19 41 27
19 42 23
19 43 10
19 44 2
19 45 14
19 46 4
19 47 15
19 48 26
19 49 19
19 50 21
20 21 20
20 22 2
20 23 21
20 24 6
20 25 19
20 26 10
20 27 12
20 28 21
20 29 12
20 30 9
20 31 21
20 32 11
20 33 28
20 34 28
20 35 23
20 36 12
20 37 15
20 38 25
20 39 2
20 40 9
20 41 15
20 42 12
20 43 9
20 44 17
20 45 26
20 46 11
20 47 30
20 48 21
20 49 29
20 50 20
21 22 8
21 23 9
21 24 12
21 25 17
21 26 19
21 27 25
21 28 17
21 29 8
21 30 4
21 31 24
21 32 29
21 33 16
21 34 22
21 35 25
21 36 6
21 37 1
21 38 7
21 39 29
21 40 3
21 41 17
21 42 13
21 43 15
21 44 24
21 45 28
21 46 9
21 47 5
21 48 26
21 49 28
21 50 3
22 23 15
22 24 4
22 25 1
22 26 22
22 27 16
22 28 17
22 29 9
22 30 8
22 31 1
22 32 17
22 33 13
22 34 26
22 35 13
22 36 27
22 37 15
22 38 7
22 39 16
22 40 13
22 41 29
22 42 18
22 43 30
22 44 9
22 45 23
22 46 4
22 47 9
22 48 26
22 49 30
22 50 5
23 24 27
23 25 13
23 26 9
23 27 27
23 28 4
23 29 23
23 30 13
23 31 11
23 32 1
23 33 14
23 34 26
23 35 12
23 36 7
23 37 9
23 38 6
23 39 22
23 40 14
23 41 6
23 42 6
23 43 27
23 44 2
23 45 24
23 46 24
23 47 9
23 48 22
23 49 17
23 50 13
24 25 30
24 26 10
24 27 11
24 28 4
24 29 7
24 30 24
24 31 11
24 32 3
24 33 26
24 34 3
24 35 14
24 36 7
24 37 2
24 38 28
24 39 2
24 40 12
24 41 3
24 42 9
24 43 18
24 44 25
24 45 24
24 46 22
24 47 29
24 48 18
24 49 24
24 50 20
25 26 12
25 27 12
25 28 27
25 29 14
25 30 11
25 31 6
25 32 25
25 33 13
25 34 11
25 35 16
25 36 22
25 37 12
25 38 11
25 39 23
25 40 26
25 41 16
25 42 26
25 43 22
25 44 19
25 45 7
25 46 25
25 47 26
25 48 24
25 49 17
25 50 19
26 27 15
26 28 16
26 29 5
26 30 7
26 31 3
26 32 17
26 33 7
26 34 15
26 35 13
26 36 19
26 37 24
26 38 17
26 39 11
26 40 4
26 41 29
26 42 27
26 43 26
26 44 10
26 45 6
26 46 19
26 47 6
26 48 22
26 49 12
26 50 28
27 28 8
27 29 17
27 30 20
27 31 4
27 32 10
27 33 4
27 34 21
27 35 24
27 36 20
27 37 24
27 38 24
27 39 10
27 40 5
27 41 6
27 42 21
27 43 25
27 44 8
27 45 3
27 46 2
27 47 6
27 48 29
27 49 16
27 50 4
28 29 15
28 30 20
28 31 26
28 32 27
28 33 15
28 34 2
28 35 11
28 36 2
28 37 4
28 38 20
28 39 7
28 40 23
28 41 13
28 42 27
28 43 17
28 44 13
28 45 18
28 46 25
28 47 16
28 48 23
28 49 16
28 50 10
29 30 21
29 31 24
29 32 12
29 33 23
29 34 28
29 35 12
29 36 21
29 37 11
29 38 14
29 39 3
29 40 1
29 41 9
29 42 30
29 43 14
29 44 9
29 45 9
29 46 17
29 47 11
29 48 29
29 49 24
29 50 4
30 31 11
30 32 18
30 33 19
30 34 22
30 35 4
30 36 13
30 37 7
30 38 27
30 39 27
30 40 16
30 41 17
30 42 18
30 43 28
30 44 7
30 45 13
30 46 7
30 47 29
30 48 25
30 49 21
30 50 30
31 32 24
31 33 28
31 34 30
31 35 7
31 36 5
31 37 6
31 38 24
31 39 16
31 40 4
31 41 17
31 42 18
31 43 15
31 44 3
31 45 6
31 46 4
31 47 7
31 48 18
31 49 9
31 50 3
32 33 12
32 34 25
32 35 18
32 36 20
32 37 25
32 38 13
32 39 25
32 40 21
32 41 5
32 42 15
32 43 21
32 44 29
32 45 11
32 46 18
32 47 6
32 48 16
32 49 24
32 50 30
33 34 1
33 35 28
33 36 15
33 37 20
33 38 10
33 39 18
33 40 24
33 41 12
33 42 25
33 43 9
33 44 21
33 45 26
33 46 22
33 47 14
33 48 13
33 49 20
33 50 1
34 35 5
34 36 2
34 37 27
34 38 27
34 39 8
34 40 9
34 41 17
34 42 6
34 43 20
34 44 4
34 45 10
34 46 3
34 47 26
34 48 10
34 49 5
34 50 21
35 36 23
35 37 23
35 38 29
35 39 10
35 40 14
35 41 10
35 42 2
35 43 24
35 44 29
35 45 28
35 46 13
35 47 12
35 48 8
35 49 2
35 50 12
36 35 8
36 37 13
36 38 4
36 39 8
36 40 7
36 41 10
36 42 17
36 43 24
36 44 15
36 45 5
36 46 26
36 47 25
36 48 8
36 49 19
36 50 2
37 38 11
37 39 9
37 40 23
37 41 1
37 42 7
37 43 14
37 44 15
37 45 2
37 46 7
37 47 14
37 48 28
37 49 18
37 50 24
38 39 3
38 40 20
38 41 5
38 42 17
38 43 22
38 44 13
38 45 24
38 46 29
38 47 16
38 48 15
38 49 1
38 50 9
39 40 7
39 41 7
39 42 29
39 43 10
39 44 17
39 45 7
39 46 18
39 47 13
39 48 1
39 49 1
39 50 28
40 41 3
40 42 6
40 43 11
40 44 30
40 45 24
40 46 5
40 47 2
40 48 11
40 49 8
40 50 17
41 42 3
41 43 22
41 44 11
41 45 3
41 46 18
41 47 25
41 48 16
41 49 17
41 50 3
42 43 23
42 44 24
42 45 1
42 46 10
42 47 7
42 48 1
42 49 29
42 50 20
43 44 28
43 45 17
43 46 3
43 47 2
43 48 27
43 49 2
43 50 24
44 45 30
44 46 3
44 47 5
44 48 7
44 49 20
44 50 6
45 46 29
45 47 7
45 48 14
45 49 23
45 50 21
46 47 27
46 48 11
46 49 25
46 50 28
47 48 10
47 49 2
47 50 4
48 49 9
48 50 22
49 48 7
49 50 9
