CAPACITED
1 2 30
1 3 23
1 4 2
1 5 5
1 6 25
1 7 30
1 8 12
1 9 25
1 10 1
1 11 23
1 12 1
1 13 20
1 14 2
1 15 30
1 16 11
1 17 10
1 18 23
1 19 28
1 20 30
1 21 24
1 22 10
1 23 10
1 24 11
1 25 9
1 26 11
1 27 10
1 28 9
1 29 3
1 30 25
1 31 17
1 32 23
1 33 22
1 34 9
1 35 23
1 36 27
1 37 4
1 38 22
1 39 6
1 40 27
1 41 24
1 42 29
1 43 28
1 44 11
1 45 29
1 46 25
1 47 20
1 48 9
1 49 17
1 50 15
1 51 6
1 52 10
1 53 24
1 54 17
1 55 19
1 56 2
1 57 26
1 58 29
1 59 11
1 60 29
1 61 23
1 62 27
1 63 21
1 64 12
1 65 3
1 66 11
1 67 8
1 68 7
1 69 14
1 70 3
1 71 22
1 72 10
1 73 29
1 74 3
1 75 9
2 3 23
2 4 23
2 5 16
2 6 9
2 7 6
2 8 22
2 9 19
2 10 30
2 11 8
2 12 7
2 13 30
2 14 3
2 15 6
2 16 8
2 17 30
2 18 27
2 19 4
2 20 18
2 21 9
2 22 8
2 23 29
2 24 15
2 25 13
2 26 30
2 27 30
2 28 15
2 29 21
2 30 7
2 31 13
2 32 22
2 33 14
2 34 6
2 35 13
2 36 30
2 37 15
2 38 19
2 39 20
2 40 2
2 41 18
2 42 26
2 43 9
2 44 15
2 45 30
2 46 13
2 47 23
2 48 27
2 49 8
2 50 28
2 51 15
2 52 17
2 53 3
2 54 13
2 55 1
2 56 16
2 57 10
2 58 29
2 59 1
2 60 4
2 61 14
2 62 21
2 63 18
2 64 18
2 65 3
2 66 18
2 67 2
2 68 22
2 69 5
2 70 4
2 71 7
2 72 12
2 73 22
2 74 28
2 75 23
3 4 15
3 5 25
3 6 10
3 7 9
3 8 17
3 9 13
3 10 22
3 11 17
3 12 27
3 13 13
3 14 28
3 15 30
3 16 17
3 17 9
3 18 20
3 19 5
3 20 27
3 21 24
3 22 21
3 23 27
3 24 13
3 25 26
3 26 30
3 27 19
3 28 26
3 29 11
3 30 8
3 31 24
3 32 1
3 33 23
3 34 16
3 35 2
3 36 25
3 37 19
3 38 11
3 39 14
3 40 3
3 41 8
3 42 14
3 43 17
3 44 3
3 45 13
3 46 3
3 47 10
3 48 3
3 49 6
3 50 4
3 51 25
3 52 27
3 53 29
3 54 5
3 55 20
3 56 28
3 57 24
3 58 16
3 59 6
3 60 2
3 61 7
3 62 8
3 63 23
3 64 23
3 65 10
3 66 24
3 67 15
3 68 27
3 69 2
3 70 29
3 71 8
3 72 13
3 73 15
3 74 11
3 75 24
4 5 18
4 6 19
4 7 25
4 8 25
4 9 23
4 10 19
4 11 19
4 12 22
4 13 25
4 14 9
4 15 17
4 16 16
4 17 23
4 18 24
4 19 18
4 20 28
4 21 30
4 22 11
4 23 18
4 24 9
4 25 2
4 26 2
4 27 3
4 28 2
4 29 29
4 30 3
4 31 11
4 32 9
4 33 16
4 34 20
4 35 3
4 36 4
4 37 9
4 38 26
4 39 27
4 40 30
4 41 15
4 42 13
4 43 19
4 44 7
4 45 22
4 46 4
4 47 23
4 48 12
4 49 28
4 50 9
4 51 7
4 52 25
4 53 18
4 54 25
4 55 3
4 56 20
4 57 25
4 58 4
4 59 20
4 60 24
4 61 8
4 62 24
4 63 21
4 64 1
4 65 26
4 66 28
4 67 28
4 68 20
4 69 25
4 70 12
4 71 3
4 72 12
4 73 17
4 74 23
4 75 16
5 6 9
5 7 3
5 8 11
5 9 16
5 10 10
5 11 5
5 12 3
5 13 3
5 14 6
5 15 21
5 16 28
5 17 10
5 18 11
5 19 19
5 20 16
5 21 11
5 22 18
5 23 8
5 24 30
5 25 19
5 26 1
5 27 25
5 28 16
5 29 22
5 30 18
5 31 26
5 32 23
5 33 30
5 34 12
5 35 13
5 36 13
5 37 20
5 38 16
5 39 22
5 40 5
5 41 27
5 42 25
5 43 9
5 44 28
5 45 30
5 46 23
5 47 8
5 48 8
5 49 10
5 50 23
5 51 20
5 52 28
5 53 17
5 54 16
5 55 30
5 56 10
5 57 2
5 58 21
5 59 28
5 60 28
5 61 11
5 62 25
5 63 8
5 64 25
5 65 5
5 66 28
5 67 10
5 68 27
5 69 2
5 70 4
5 71 21
5 72 9
5 73 1
5 74 19
5 75 7
6 7 23
6 8 25
6 9 15
6 10 2
6 11 17
6 12 2
6 13 30
6 14 15
6 15 18
6 16 13
6 17 15
6 18 28
6 19 15
6 20 3
6 21 23
6 22 11
6 23 15
6 24 17
6 25 19
6 26 9
6 27 22
6 28 14
6 29 17
6 30 16
6 31 14
6 32 22
6 33 6
6 34 24
6 35 21
6 36 23
6 37 29
6 38 13
6 39 17
6 40 13
6 41 13
6 42 4
6 43 14
6 44 12
6 45 19
6 46 1
6 47 26
6 48 1
6 49 27
6 50 8
6 51 5
6 52 19
6 53 17
6 54 20
6 55 3
6 56 3
6 57 29
6 58 23
6 59 17
6 60 13
6 61 8
6 62 1
6 63 4
6 64 12
6 65 23
6 66 24
6 67 4
6 68 21
6 69 4
6 70 19
6 71 1
6 72 18
6 73 21
6 74 15
6 75 28
7 8 10
7 9 14
7 10 21
7 11 11
7 12 10
7 13 28
7 14 14
7 15 27
7 16 14
7 17 3
7 18 28
7 19 18
7 20 30
7 21 20
7 22 2
7 23 13
7 24 26
7 25 3
7 26 15
7 27 5
7 28 26
7 29 8
7 30 7
7 31 16
7 32 11
7 33 27
7 34 18
7 35 27
7 36 17
7 37 22
7 38 25
7 39 13
7 40 13
7 41 4
7 42 21
7 43 8
7 44 18
7 45 18
7 46 20
7 47 20
7 48 13
7 49 5
7 50 19
7 51 1
7 52 8
7 53 1
7 54 25
7 55 11
7 56 17
7 57 5
7 58 23
7 59 7
7 60 21
7 61 1
7 62 1
7 63 6
7 64 28
7 65 17
7 66 5
7 67 20
7 68 9
7 69 18
7 70 13
7 71 8
7 72 6
7 73 30
7 74 24
7 75 26
8 9 19
8 10 7
8 11 30
8 12 7
8 13 8
8 14 7
8 15 7
8 16 2
8 17 16
8 18 22
8 19 21
8 20 14
8 21 6
8 22 10
8 23 16
8 24 5
8 25 16
8 26 11
8 27 22
8 28 21
8 29 29
8 30 1
8 31 6
8 32 29
8 33 12
8 34 15
8 35 2
8 36 11
8 37 8
8 38 27
8 39 28
8 40 13
8 41 26
8 42 3
8 43 19
8 44 2
8 45 10
8 46 22
8 47 18
8 48 1
8 49 20
8 50 7
8 51 13
8 52 26
8 53 17
8 54 27
8 55 1
8 56 2
8 57 8
8 58 21
8 59 22
8 60 6
8 61 20
8 62 28
8 63 3
8 64 2
8 65 10
8 66 5
8 67 11
8 68 17
8 69 1
8 70 7
8 71 30
8 72 25
8 73 10
8 74 17
8 75 27
9 10 20
9 11 6
9 12 13
9 13 19
9 14 26
9 15 20
9 16 1
9 17 20
9 18 6
9 19 29
9 20 21
9 21 6
9 22 6
9 23 9
9 24 26
9 25 10
9 26 30
9 27 22
9 28 13
9 29 30
9 30 1
9 31 17
9 32 10
9 33 16
9 34 16
9 35 15
9 36 14
9 37 11
9 38 25
9 39 5
9 40 12
9 41 6
9 42 18
9 43 1
9 44 5
9 45 19
9 46 9
9 47 29
9 48 9
9 49 16
9 50 2
9 51 19
9 52 9
9 53 12
9 54 16
9 55 24
9 56 15
9 57 8
9 58 23
9 59 14
9 60 22
9 61 8
9 62 28
9 63 2
9 64 2
9 65 26
9 66 6
9 67 13
9 68 1
9 69 22
9 70 13
9 71 1
9 72 28
9 73 13
9 74 20
9 75 6
10 11 9
10 12 28
10 13 20
10 14 11
10 15 14
10 16 28
10 17 22
10 18 30
10 19 28
10 20 13
10 21 12
10 22 26
10 23 19
10 24 4
10 25 10
10 26 10
10 27 12
10 28 7
10 29 11
10 30 13
10 31 1
10 32 17
10 33 26
10 34 2
10 35 8
10 36 6
10 37 1
10 38 3
10 39 18
10 40 20
10 41 8
10 42 27
10 43 17
10 44 26
10 45 6
10 46 29
10 47 23
10 48 26
10 49 26
10 50 21
10 51 6
10 52 7
10 53 14
10 54 25
10 55 11
10 56 24
10 57 4
10 58 22
10 59 30
10 60 13
10 61 2
10 62 28
10 63 26
10 64 4
10 65 1
10 66 7
10 67 17
10 68 20
10 69 13
10 70 12
10 71 4
10 72 9
10 73 16
10 74 1
10 75 11
11 12 26
11 13 20
11 14 17
11 15 2
11 16 4
11 17 11
11 18 11
11 19 26
11 20 13
11 21 23
11 22 25
11 23 2
11 24 23
11 25 22
11 26 28
11 27 22
11 28 24
11 29 28
11 30 22
11 31 1
11 32 12
11 33 9
11 34 12
11 35 24
11 36 11
11 37 21
11 38 9
11 39 11
11 40 23
11 41 20
11 42 4
11 43 10
11 44 4
11 45 6
11 46 12
11 47 13
11 48 15
11 49 8
11 50 25
11 51 16
11 52 17
11 53 16
11 54 22
11 55 8
11 56 14
11 57 11
11 58 9
11 59 1
11 60 21
11 61 9
11 62 11
11 63 15
11 64 18
11 65 2
11 66 22
11 67 27
11 68 23
11 69 10
11 70 2
11 71 14
11 72 4
11 73 15
11 74 26
11 75 19
12 13 21
12 14 20
12 15 2
12 16 21
12 17 6
12 18 19
12 19 10
12 20 12
12 21 21
12 22 12
12 23 9
12 24 21
12 25 11
12 26 28
12 27 28
12 28 23
12 29 12
12 30 15
12 31 25
12 32 2
12 33 9
12 34 15
12 35 12
12 36 9
12 37 17
12 38 26
12 39 11
12 40 30
12 41 21
12 42 29
12 43 20
12 44 8
12 45 9
12 46 12
12 47 17
12 48 19
12 49 25
12 50 17
12 51 8
12 52 4
12 53 24
12 54 29
12 55 16
12 56 22
12 57 25
12 58 6
12 59 1
12 60 7
12 61 29
12 62 3
12 63 17
12 64 13
12 65 15
12 66 24
12 67 28
12 68 9
12 69 5
12 70 26
12 71 28
12 72 3
12 73 15
12 74 4
12 75 1
13 14 22
13 15 16
13 16 17
13 17 9
13 18 8
13 19 1
13 20 17
13 21 13
13 22 26
13 23 13
13 24 27
13 25 15
13 26 7
13 27 16
13 28 13
13 29 29
13 30 18
13 31 30
13 32 9
13 33 23
13 34 4
13 35 9
13 36 26
13 37 30
13 38 5
13 39 27
13 40 13
13 41 9
13 42 27
13 43 4
13 44 23
13 45 13
13 46 11
13 47 1
13 48 14
13 49 26
13 50 12
13 51 7
13 52 9
13 53 6
13 54 22
13 55 14
13 56 6
13 57 6
13 58 27
13 59 2
13 60 24
13 61 24
13 62 9
13 63 22
13 64 17
13 65 13
13 66 30
13 67 10
13 68 11
13 69 4
13 70 7
13 71 24
13 72 11
13 73 3
13 74 26
13 75 3
14 15 14
14 16 7
14 17 2
14 18 28
14 19 2
14 20 12
14 21 3
14 22 9
14 23 18
14 24 25
14 25 24
14 26 22
14 27 29
14 28 18
14 29 24
14 30 20
14 31 12
14 32 12
14 33 27
14 34 14
14 35 11
14 36 6
14 37 25
14 38 13
14 39 11
14 40 16
14 41 22
14 42 12
14 43 11
14 44 23
14 45 26
14 46 16
14 47 26
14 48 22
14 49 19
14 50 7
14 51 25
14 52 26
14 53 24
14 54 17
14 55 19
14 56 15
14 57 16
14 58 5
14 59 7
14 60 3
14 61 17
14 62 7
14 63 15
14 64 13
14 65 19
14 66 24
14 67 17
14 68 11
14 69 4
14 70 29
14 71 27
14 72 26
14 73 10
14 74 6
14 75 19
15 16 6
15 17 22
15 18 12
15 19 28
15 20 8
15 21 17
15 22 20
15 23 4
15 24 10
15 25 4
15 26 21
15 27 24
15 28 20
15 29 24
15 30 24
15 31 10
15 32 5
15 33 6
15 34 21
15 35 25
15 36 8
15 37 3
15 38 2
15 39 6
15 40 29
15 41 16
15 42 4
15 43 15
15 44 20
15 45 26
15 46 27
15 47 15
15 48 2
15 49 11
15 50 2
15 51 4
15 52 20
15 53 7
15 54 23
15 55 13
15 56 27
15 57 17
15 58 13
15 59 18
15 60 25
15 61 16
15 62 23
15 63 16
15 64 10
15 65 21
15 66 24
15 67 12
15 68 23
15 69 28
15 70 12
15 71 21
15 72 11
15 73 14
15 74 3
15 75 1
16 17 9
16 18 30
16 19 14
16 20 9
16 21 9
16 22 17
16 23 11
16 24 29
16 25 24
16 26 4
16 27 11
16 28 18
16 29 19
16 30 22
16 31 4
16 32 13
16 33 7
16 34 27
16 35 27
16 36 16
16 37 17
16 38 18
16 39 28
16 40 7
16 41 13
16 42 7
16 43 29
16 44 25
16 45 21
16 46 30
16 47 24
16 48 28
16 49 30
16 50 7
16 51 5
16 52 6
16 53 24
16 54 16
16 55 4
16 56 17
16 57 18
16 58 15
16 59 3
16 60 6
16 61 4
16 62 7
16 63 18
16 64 9
16 65 3
16 66 12
16 67 25
16 68 18
16 69 20
16 70 25
16 71 13
16 72 25
16 73 21
16 74 5
16 75 15
17 18 21
17 19 29
17 20 11
17 21 18
17 22 6
17 23 16
17 24 24
17 25 30
17 26 1
17 27 28
17 28 15
17 29 20
17 30 10
17 31 18
17 32 24
17 33 12
17 34 25
17 35 9
17 36 21
17 37 26
17 38 22
17 39 14
17 40 13
17 41 20
17 42 1
17 43 5
17 44 2
17 45 27
17 46 27
17 47 8
17 48 9
17 49 17
17 50 6
17 51 20
17 52 4
17 53 10
17 54 3
17 55 26
17 56 10
17 57 5
17 58 21
17 59 23
17 60 23
17 61 29
17 62 10
17 63 14
17 64 10
17 65 2
17 66 24
17 67 29
17 68 28
17 69 13
17 70 12
17 71 8
17 72 2
17 73 12
17 74 13
17 75 4
18 19 8
18 20 7
18 21 10
18 22 17
18 23 24
18 24 15
18 25 5
18 26 26
18 27 25
18 28 8
18 29 19
18 30 2
18 31 11
18 32 9
18 33 23
18 34 1
18 35 7
18 36 14
18 37 15
18 38 2
18 39 7
18 40 14
18 41 28
18 42 18
18 43 24
18 44 3
18 45 20
18 46 5
18 47 17
18 48 22
18 49 13
18 50 24
18 51 29
18 52 16
18 53 15
18 54 1
18 55 9
18 56 7
18 57 7
18 58 29
18 59 10
18 60 17
18 61 7
18 62 18
18 63 13
18 64 1
18 65 1
18 66 28
18 67 3
18 68 6
18 69 11
18 70 30
18 71 24
18 72 5
18 73 2
18 74 11
18 75 8
19 20 17
19 21 3
19 22 22
19 23 11
19 24 3
19 25 18
19 26 25
19 27 16
19 28 17
19 29 3
19 30 23
19 31 24
19 32 1
19 33 10
19 34 7
19 35 1
19 36 29
19 37 20
19 38 28
19 39 17
19 40 3
19 41 2
19 42 27
19 43 2
19 44 24
19 45 30
19 46 3
19 47 5
19 48 7
19 49 20
19 50 6
19 51 29
19 52 7
19 53 14
19 54 23
19 55 21
19 56 27
19 57 11
19 58 25
19 59 28
19 60 10
19 61 2
19 62 4
19 63 9
19 64 22
19 65 9
19 66 27
19 67 9
19 68 12
19 69 27
19 70 5
19 71 13
19 72 20
19 73 4
19 74 16
19 75 23
20 21 11
20 22 3
20 23 27
20 24 8
20 25 2
20 26 3
20 27 20
20 28 25
20 29 22
20 30 21
20 31 21
20 32 3
20 33 13
20 34 17
20 35 13
20 36 15
20 37 19
20 38 22
20 39 14
20 40 9
20 41 8
20 42 18
20 43 10
20 44 4
20 45 21
20 46 21
20 47 24
20 48 23
20 49 4
20 50 15
20 51 1
20 52 8
20 53 11
20 54 9
20 55 10
20 56 13
20 57 30
20 58 4
20 59 4
20 60 18
20 61 24
20 62 7
20 63 8
20 64 20
20 65 13
20 66 25
20 67 9
20 68 27
20 69 3
20 70 9
20 71 4
20 72 19
20 73 20
20 74 8
20 75 9
21 20 2
21 22 10
21 23 30
21 24 15
21 25 15
21 26 1
21 27 21
21 28 26
21 29 8
21 30 6
21 31 5
21 32 2
21 33 11
21 34 23
21 35 24
21 36 18
21 37 21
21 38 1
21 39 6
21 40 4
21 41 25
21 42 15
21 43 28
21 44 23
21 45 3
21 46 17
21 47 12
21 48 9
21 49 24
21 50 20
21 51 9
21 52 24
21 53 2
21 54 22
21 55 23
21 56 21
21 57 16
21 58 21
21 59 22
21 60 6
21 61 22
21 62 2
21 63 29
21 64 15
21 65 21
21 66 18
21 67 17
21 68 25
21 69 22
21 70 9
21 71 9
21 72 20
21 73 6
21 74 30
21 75 21
22 23 21
22 24 9
22 25 13
22 26 28
22 27 9
22 28 4
22 29 30
22 30 30
22 31 27
22 32 21
22 33 15
22 34 27
22 35 9
22 36 6
22 37 2
22 38 9
22 39 30
22 40 16
22 41 28
22 42 17
22 43 22
22 44 6
22 45 9
22 46 29
22 47 24
22 48 13
22 49 29
22 50 15
22 51 2
22 52 7
22 53 15
22 54 15
22 55 4
22 56 22
22 57 19
22 58 2
22 59 21
22 60 15
22 61 21
22 62 3
22 63 11
22 64 28
22 65 10
22 66 12
22 67 27
22 68 19
22 69 11
22 70 10
22 71 16
22 72 26
22 73 10
22 74 5
22 75 30
23 24 17
23 25 1
23 26 23
23 27 28
23 28 30
23 29 7
23 30 30
23 31 5
23 32 20
23 33 12
23 34 7
23 35 10
23 36 7
23 37 29
23 38 13
23 39 26
23 40 2
23 41 25
23 42 24
23 43 10
23 44 4
23 45 20
23 46 29
23 47 13
23 48 30
23 49 12
23 50 8
23 51 7
23 52 15
23 53 7
23 54 22
23 55 16
23 56 30
23 57 17
23 58 14
23 59 5
23 60 17
23 61 19
23 62 23
23 63 29
23 64 24
23 65 28
23 66 1
23 67 28
23 68 10
23 69 27
23 70 28
23 71 2
23 72 18
23 73 7
23 74 4
23 75 5
24 25 5
24 26 17
24 27 4
24 28 15
24 29 25
24 30 9
24 31 30
24 32 30
24 33 29
24 34 15
24 35 30
24 36 16
24 37 29
24 38 2
24 39 2
24 40 15
24 41 23
24 42 29
24 43 9
24 44 24
24 45 24
24 46 8
24 47 21
24 48 2
24 49 2
24 50 18
24 51 2
24 52 19
24 53 23
24 54 7
24 55 24
24 56 28
24 57 24
24 58 27
24 59 10
24 60 19
24 61 5
24 62 9
24 63 18
24 64 4
24 65 22
24 66 15
24 67 18
24 68 21
24 69 15
24 70 18
24 71 3
24 72 8
24 73 16
24 74 12
24 75 30
25 24 2
25 26 8
25 27 18
25 28 18
25 29 10
25 30 19
25 31 5
25 32 12
25 33 7
25 34 26
25 35 19
25 36 21
25 37 11
25 38 27
25 39 30
25 40 9
25 41 15
25 42 2
25 43 29
25 44 20
25 45 19
25 46 13
25 47 7
25 48 23
25 49 19
25 50 21
25 51 2
25 52 18
25 53 27
25 54 19
25 55 5
25 56 6
25 57 7
25 58 8
25 59 17
25 60 14
25 61 3
25 62 3
25 63 12
25 64 24
25 65 14
25 66 9
25 67 24
25 68 11
25 69 7
25 70 25
25 71 9
25 72 30
25 73 23
25 74 27
25 75 16
26 27 5
26 28 1
26 29 8
26 30 23
26 31 20
26 32 9
26 33 10
26 34 17
26 35 28
26 36 16
26 37 21
26 38 4
26 39 24
26 40 7
26 41 16
26 42 28
26 43 9
26 44 28
26 45 19
26 46 23
26 47 4
26 48 13
26 49 4
26 50 9
26 51 11
26 52 29
26 53 16
26 54 10
26 55 19
26 56 12
26 57 27
26 58 22
26 59 11
26 60 2
26 61 14
26 62 1
26 63 11
26 64 25
26 65 18
26 66 8
26 67 10
26 68 8
26 69 10
26 70 1
26 71 14
26 72 24
26 73 27
26 74 23
26 75 20
27 28 16
27 29 13
27 30 24
27 31 27
27 32 15
27 33 1
27 34 7
27 35 11
27 36 17
27 37 16
27 38 30
27 39 30
27 40 12
27 41 22
27 42 8
27 43 14
27 44 3
27 45 9
27 46 24
27 47 28
27 48 25
27 49 30
27 50 5
27 51 3
27 52 8
27 53 5
27 54 15
27 55 1
27 56 1
27 57 5
27 58 21
27 59 15
27 60 18
27 61 13
27 62 11
27 63 3
27 64 14
27 65 17
27 66 14
27 67 2
27 68 12
27 69 28
27 70 12
27 71 1
27 72 6
27 73 24
27 74 4
27 75 13
28 29 15
28 30 2
28 31 8
28 32 15
28 33 5
28 34 9
28 35 23
28 36 10
28 37 24
28 38 22
28 39 10
28 40 29
28 41 13
28 42 25
28 43 16
28 44 24
28 45 4
28 46 17
28 47 7
28 48 19
28 49 30
28 50 7
28 51 21
28 52 11
28 53 3
28 54 12
28 55 7
28 56 22
28 57 14
28 58 20
28 59 7
28 60 16
28 61 28
28 62 22
28 63 20
28 64 6
28 65 12
28 66 30
28 67 28
28 68 3
28 69 9
28 70 26
28 71 14
28 72 4
28 73 10
28 74 7
28 75 6
29 30 25
29 31 14
29 32 25
29 33 24
29 34 20
29 35 13
29 36 2
29 37 21
29 38 13
29 39 12
29 40 28
29 41 4
29 42 27
29 43 17
29 44 9
29 45 12
29 46 13
29 47 1
29 48 17
29 49 10
29 50 30
29 51 15
29 52 14
29 53 8
29 54 8
29 55 26
29 56 10
29 57 16
29 58 3
29 59 16
29 60 11
29 61 15
29 62 10
29 63 2
29 64 2
29 65 21
29 66 5
29 67 23
29 68 3
29 69 17
29 70 20
29 71 6
29 72 13
29 73 5
29 74 15
29 75 24
30 31 16
30 32 14
30 33 23
30 34 2
30 35 24
30 36 22
30 37 17
30 38 5
30 39 24
30 40 1
30 41 8
30 42 9
30 43 2
30 44 25
30 45 18
30 46 17
30 47 2
30 48 21
30 49 18
30 50 24
30 51 24
30 52 10
30 53 25
30 54 10
30 55 29
30 56 22
30 57 1
30 58 14
30 59 15
30 60 17
30 61 28
30 62 7
30 63 19
30 64 19
30 65 30
30 66 4
30 67 25
30 68 28
30 69 26
30 70 24
30 71 5
30 72 4
30 73 26
30 74 28
30 75 21
31 32 10
31 33 9
31 34 26
31 35 24
31 36 2
31 37 6
31 38 18
31 39 12
31 40 2
31 41 17
31 42 3
31 43 3
31 44 29
31 45 16
31 46 18
31 47 24
31 48 24
31 49 4
31 50 12
31 51 21
31 52 8
31 53 4
31 54 16
31 55 3
31 56 26
31 57 21
31 58 6
31 59 19
31 60 19
31 61 25
31 62 30
31 63 19
31 64 3
31 65 23
31 66 10
31 67 5
31 68 27
31 69 26
31 70 15
31 71 29
31 72 12
31 73 17
31 74 30
31 75 8
32 33 2
32 34 17
32 35 1
32 36 24
32 37 20
32 38 14
32 39 14
32 40 26
32 41 16
32 42 30
32 43 28
32 44 12
32 45 19
32 46 1
32 47 7
32 48 26
32 49 28
32 50 24
32 51 29
32 52 21
32 53 1
32 54 3
32 55 17
32 56 27
32 57 16
32 58 16
32 59 7
32 60 2
32 61 13
32 62 15
32 63 5
32 64 29
32 65 17
32 66 29
32 67 18
32 68 29
32 69 11
32 70 13
32 71 14
32 72 10
32 73 10
32 74 26
32 75 27
33 32 1
33 34 11
33 35 27
33 36 3
33 37 4
33 38 22
33 39 25
33 40 2
33 41 12
33 42 26
33 43 3
33 44 30
33 45 23
33 46 20
33 47 13
33 48 28
33 49 22
33 50 26
33 51 12
33 52 27
33 53 22
33 54 27
33 55 24
33 56 9
33 57 25
33 58 4
33 59 21
33 60 7
33 61 12
33 62 29
33 63 9
33 64 8
33 65 25
33 66 10
33 67 12
33 68 17
33 69 5
33 70 13
33 71 29
33 72 29
33 73 16
33 74 26
33 75 19
34 35 3
34 36 8
34 37 16
34 38 26
34 39 2
34 40 27
34 41 20
34 42 24
34 43 23
34 44 11
34 45 1
34 46 16
34 47 13
34 48 20
34 49 23
34 50 26
34 51 16
34 52 21
34 53 2
34 54 24
34 55 16
34 56 10
34 57 4
34 58 2
34 59 13
34 60 15
34 61 29
34 62 12
34 63 25
34 64 2
34 65 2
34 66 15
34 67 28
34 68 2
34 69 11
34 70 15
34 71 25
34 72 1
34 73 27
34 74 24
34 75 17
35 36 9
35 37 13
35 38 7
35 39 2
35 40 27
35 41 29
35 42 2
35 43 19
35 44 12
35 45 13
35 46 21
35 47 14
35 48 26
35 49 5
35 50 12
35 51 5
35 52 3
35 53 4
35 54 6
35 55 5
35 56 7
35 57 19
35 58 7
35 59 30
35 60 16
35 61 30
35 62 10
35 63 23
35 64 16
35 65 19
35 66 3
35 67 21
35 68 20
35 69 17
35 70 22
35 71 19
35 72 29
35 73 4
35 74 7
35 75 10
36 37 29
36 38 12
36 39 21
36 40 3
36 41 15
36 42 25
36 43 7
36 44 19
36 45 30
36 46 26
36 47 19
36 48 7
36 49 25
36 50 4
36 51 6
36 52 24
36 53 12
36 54 28
36 55 7
36 56 30
36 57 28
36 58 19
36 59 29
36 60 15
36 61 8
36 62 15
36 63 11
36 64 13
36 65 22
36 66 22
36 67 9
36 68 3
36 69 12
36 70 12
36 71 17
36 72 6
36 73 20
36 74 5
36 75 4
37 38 15
37 39 24
37 40 11
37 41 8
37 42 27
37 43 15
37 44 30
37 45 8
37 46 12
37 47 6
37 48 7
37 49 11
37 50 3
37 51 24
37 52 9
37 53 16
37 54 2
37 55 25
37 56 26
37 57 13
37 58 14
37 59 15
37 60 22
37 61 16
37 62 25
37 63 3
37 64 2
37 65 29
37 66 21
37 67 5
37 68 2
37 69 4
37 70 29
37 71 13
37 72 12
37 73 23
37 74 27
37 75 9
38 39 30
38 40 8
38 41 15
38 42 4
38 43 17
38 44 16
38 45 29
38 46 27
38 47 19
38 48 26
38 49 13
38 50 2
38 51 10
38 52 2
38 53 18
38 54 2
38 55 3
38 56 18
38 57 25
38 58 23
38 59 3
38 60 27
38 61 20
38 62 14
38 63 6
38 64 12
38 65 10
38 66 15
38 67 11
38 68 17
38 69 30
38 70 16
38 71 3
38 72 13
38 73 12
38 74 30
38 75 13
39 40 12
39 41 16
39 42 6
39 43 23
39 44 19
39 45 14
39 46 23
39 47 4
39 48 16
39 49 26
39 50 23
39 51 17
39 52 18
39 53 13
39 54 20
39 55 14
39 56 2
39 57 3
39 58 20
39 59 15
39 60 12
39 61 4
39 62 24
39 63 29
39 64 1
39 65 7
39 66 1
39 67 13
39 68 19
39 69 30
39 70 26
39 71 29
39 72 15
39 73 2
39 74 21
39 75 1
40 41 14
40 42 13
40 43 6
40 44 7
40 45 27
40 46 15
40 47 25
40 48 9
40 49 4
40 50 9
40 51 10
40 52 5
40 53 27
40 54 25
40 55 15
40 56 30
40 57 16
40 58 13
40 59 24
40 60 13
40 61 13
40 62 12
40 63 12
40 64 7
40 65 11
40 66 27
40 67 7
40 68 30
40 69 27
40 70 21
40 71 11
40 72 19
40 73 18
40 74 27
40 75 3
41 42 10
41 43 3
41 44 5
41 45 19
41 46 13
41 47 9
41 48 14
41 49 5
41 50 24
41 51 13
41 52 22
41 53 5
41 54 11
41 55 13
41 56 18
41 57 23
41 58 23
41 59 30
41 60 30
41 61 1
41 62 24
41 63 4
41 64 1
41 65 20
41 66 23
41 67 10
41 68 18
41 69 12
41 70 26
41 71 12
41 72 13
41 73 5
41 74 16
41 75 19
42 43 23
42 44 27
42 45 26
42 46 6
42 47 19
42 48 19
42 49 20
42 50 22
42 51 30
42 52 2
42 53 9
42 54 20
42 55 25
42 56 6
42 57 19
42 58 27
42 59 21
42 60 26
42 61 18
42 62 14
42 63 3
42 64 6
42 65 24
42 66 29
42 67 18
42 68 6
42 69 3
42 70 1
42 71 23
42 72 26
42 73 27
42 74 18
42 75 30
43 44 25
43 45 5
43 46 16
43 47 14
43 48 27
43 49 14
43 50 14
43 51 4
43 52 3
43 53 6
43 54 10
43 55 21
43 56 8
43 57 11
43 58 26
43 59 27
43 60 23
43 61 29
43 62 16
43 63 25
43 64 16
43 65 21
43 66 29
43 67 16
43 68 13
43 69 22
43 70 10
43 71 30
43 72 20
43 73 4
43 74 2
43 75 5
44 45 18
44 46 27
44 47 19
44 48 1
44 49 23
44 50 7
44 51 9
44 52 13
44 53 6
44 54 17
44 55 22
44 56 1
44 57 11
44 58 15
44 59 29
44 60 9
44 61 29
44 62 21
44 63 26
44 64 19
44 65 17
44 66 9
44 67 2
44 68 9
44 69 19
44 70 30
44 71 27
44 72 23
44 73 1
44 74 1
44 75 8
45 46 28
45 47 21
45 48 7
45 49 27
45 50 11
45 51 12
45 52 5
45 53 22
45 54 18
45 55 22
45 56 13
45 57 18
45 58 1
45 59 26
45 60 14
45 61 10
45 62 25
45 63 4
45 64 5
45 65 13
45 66 22
45 67 12
45 68 13
45 69 29
45 70 12
45 71 25
45 72 21
45 73 13
45 74 26
45 75 29
46 47 9
46 48 14
46 49 5
46 50 3
46 51 25
46 52 18
46 53 8
46 54 16
46 55 5
46 56 28
46 57 30
46 58 21
46 59 29
46 60 23
46 61 4
46 62 9
46 63 17
46 64 9
46 65 12
46 66 25
46 67 13
46 68 29
46 69 23
46 70 26
46 71 21
46 72 14
46 73 6
46 74 16
46 75 12
47 48 13
47 49 16
47 50 16
47 51 23
47 52 1
47 53 24
47 54 9
47 55 4
47 56 20
47 57 6
47 58 26
47 59 18
47 60 29
47 61 30
47 62 25
47 63 16
47 64 8
47 65 7
47 66 14
47 67 6
47 68 30
47 69 27
47 70 2
47 71 22
47 72 20
47 73 23
47 74 5
47 75 25
48 49 7
48 50 16
48 51 5
48 52 5
48 53 1
48 54 22
48 55 28
48 56 13
48 57 4
48 58 4
48 59 10
48 60 30
48 61 19
48 62 7
48 63 30
48 64 13
48 65 21
48 66 5
48 67 18
48 68 4
48 69 12
48 70 17
48 71 29
48 72 14
48 73 9
48 74 17
48 75 5
49 50 12
49 51 9
49 52 12
49 53 28
49 54 14
49 55 17
49 56 27
49 57 3
49 58 12
49 59 27
49 60 15
49 61 17
49 62 1
49 63 15
49 64 25
49 65 29
49 66 1
49 67 30
49 68 28
49 69 15
49 70 20
49 71 3
49 72 22
49 73 13
49 74 18
49 75 19
50 51 25
50 52 25
50 53 5
50 54 30
50 55 6
50 56 12
50 57 9
50 58 4
50 59 24
50 60 24
50 61 29
50 62 28
50 63 4
50 64 24
50 65 10
50 66 21
50 67 23
50 68 25
50 69 15
50 70 21
50 71 27
50 72 13
50 73 17
50 74 9
50 75 2
51 52 18
51 53 9
51 54 25
51 55 25
51 56 11
51 57 23
51 58 19
51 59 14
51 60 21
51 61 26
51 62 26
51 63 30
51 64 28
51 65 19
51 66 22
51 67 24
51 68 14
51 69 26
51 70 17
51 71 24
51 72 14
51 73 9
51 74 19
51 75 27
52 53 29
52 54 13
52 55 9
52 56 15
52 57 20
52 58 12
52 59 2
52 60 27
52 61 4
52 62 22
52 63 15
52 64 23
52 65 10
52 66 29
52 67 13
52 68 3
52 69 22
52 70 11
52 71 10
52 72 23
52 73 23
52 74 26
52 75 9
53 54 16
53 55 9
53 56 17
53 57 2
53 58 3
53 59 15
53 60 13
53 61 13
53 62 28
53 63 2
53 64 23
53 65 28
53 66 30
53 67 25
53 68 28
53 69 21
53 70 9
53 71 18
53 72 29
53 73 5
53 74 30
53 75 25
54 55 10
54 56 29
54 57 4
54 58 10
54 59 21
54 60 27
54 61 3
54 62 11
54 63 10
54 64 17
54 65 13
54 66 13
54 67 30
54 68 27
54 69 26
54 70 25
54 71 27
54 72 16
54 73 22
54 74 26
54 75 10
55 56 17
55 57 14
55 58 17
55 59 4
55 60 11
55 61 20
55 62 1
55 63 11
55 64 14
55 65 11
55 66 9
55 67 17
55 68 19
55 69 11
55 70 22
55 71 22
55 72 1
55 73 15
55 74 3
55 75 13
56 57 12
56 58 28
56 59 8
56 60 6
56 61 24
56 62 23
56 63 26
56 64 20
56 65 2
56 66 12
56 67 1
56 68 20
56 69 14
56 70 12
56 71 9
56 72 16
56 73 21
56 74 24
56 75 27
57 58 10
57 59 14
57 60 21
57 61 5
57 62 29
57 63 11
57 64 5
57 65 11
57 66 14
57 67 18
57 68 21
57 69 11
57 70 24
57 71 27
57 72 4
57 73 16
57 74 22
57 75 22
58 59 19
58 60 1
58 61 22
58 62 6
58 63 15
58 64 1
58 65 15
58 66 23
58 67 6
58 68 26
58 69 23
58 70 14
58 71 9
58 72 21
58 73 3
58 74 12
58 75 17
59 60 14
59 61 15
59 62 28
59 63 28
59 64 2
59 65 18
59 66 6
59 67 27
59 68 12
59 69 8
59 70 10
59 71 1
59 72 29
59 73 27
59 74 2
59 75 20
60 61 2
60 62 17
60 63 21
60 64 16
60 65 16
60 66 11
60 67 20
60 68 9
60 69 3
60 70 4
60 71 18
60 72 22
60 73 7
60 74 28
60 75 8
61 62 19
61 63 13
61 64 3
61 65 16
61 66 13
61 67 19
61 68 20
61 69 7
61 70 28
61 71 18
61 72 1
61 73 24
61 74 12
61 75 1
62 63 13
62 64 13
62 65 19
62 66 2
62 67 29
62 68 4
62 69 11
62 70 16
62 71 13
62 72 15
62 73 20
62 74 29
62 75 4
63 64 25
63 65 24
63 66 11
63 67 13
63 68 4
63 69 14
63 70 27
63 71 18
63 72 3
63 73 14
63 74 25
63 75 1
64 65 12
64 66 12
64 67 1
64 68 5
64 69 25
64 70 2
64 71 17
64 72 7
64 73 19
64 74 17
64 75 3
65 66 21
65 67 28
65 68 19
65 69 1
65 70 10
65 71 7
65 72 28
65 73 13
65 74 30
65 75 22
66 67 24
66 68 11
66 69 26
66 70 7
66 71 7
66 72 13
66 73 8
66 74 22
66 75 8
67 68 8
67 69 1
67 70 18
67 71 9
67 72 4
67 73 10
67 74 9
67 75 19
68 69 15
68 70 29
68 71 3
68 72 16
68 73 19
68 74 1
68 75 5
69 70 21
69 71 9
69 72 10
69 73 16
69 74 22
69 75 7
70 69 7
70 71 7
70 72 15
70 73 18
70 74 1
70 75 21
71 72 26
71 73 12
71 74 29
71 75 15
72 73 18
72 74 6
72 75 14
73 72 16
73 74 6
73 75 13
74 75 16
